0	41
1	32
2	33
3	4
4	28
5	36
6	4
7	7
8	10
9	12
10	39
11	5
12	23
13	10
14	31
15	28
16	33
17	50
18	20
19	21
20	4
21	26
22	3
23	19
24	44
25	48
26	31
27	34
28	38
29	1
30	45
31	36
32	45
33	28
34	29
35	39
36	4
37	34
38	28
39	29
40	16
41	19
42	46
43	28
44	15
45	0
46	6
47	0
48	13
49	28
50	16
51	28
52	27
53	12
54	36
55	23
56	23
57	25
58	50
59	41
60	12
61	17
62	11
63	16
64	20
65	10
66	26
67	43
68	31
69	29
70	20
71	1
72	0
73	27
74	34
75	33
76	29
77	22
78	41
79	43
80	39
81	1
82	29
83	38
84	14
85	12
86	28
87	40
88	26
89	22
90	45
91	42
92	37
93	35
94	33
95	31
96	9
97	5
98	11
99	49
100	7
101	39
102	12
103	21
104	28
105	21
106	45
107	48
108	21
109	24
110	30
111	21
112	49
113	32
114	31
115	9
116	4
117	2
118	13
119	9
120	14
121	30
122	35
123	47
124	35
125	32
126	14
127	43
128	41
129	39
130	37
131	37
132	40
133	28
134	13
135	14
136	48
137	8
138	23
139	1
140	28
141	24
142	14
143	1
144	15
145	28
146	39
147	1
148	5
149	23
150	40
151	40
152	36
153	15
154	48
155	31
156	2
157	14
158	25
159	2
160	45
161	21
162	27
163	1
164	13
165	18
166	29
167	26
168	34
169	9
170	26
171	19
172	30
173	37
174	17
175	18
176	28
177	42
178	31
179	37
180	36
181	29
182	32
183	7
184	31
185	37
186	3
187	0
188	36
189	43
190	1
191	28
192	36
193	45
194	19
195	20
196	29
197	33
198	1
199	23
200	15
201	0
202	39
203	20
204	29
205	36
206	1
207	6
208	44
209	19
210	0
211	50
212	41
213	16
214	4
215	28
216	13
217	4
218	28
219	1
220	39
221	28
222	11
223	22
224	2
225	2
226	13
227	19
228	20
229	32
230	40
231	15
232	11
233	23
234	24
235	34
236	20
237	4
238	38
239	3
240	37
241	2
242	42
243	11
244	5
245	39
246	7
247	12
248	45
249	44
250	18
251	0
252	12
253	22
254	23
255	34
256	22
257	19
258	6
259	30
260	40
261	16
262	20
263	38
264	42
265	38
266	8
267	17
268	49
269	50
270	43
271	34
272	4
273	20
274	33
275	41
276	32
277	39
278	1
279	12
280	41
281	4
282	29
283	43
284	23
285	30
286	49
287	46
288	0
289	6
290	33
291	14
292	3
293	14
294	49
295	41
296	28
297	45
298	29
299	4
300	20
301	25
302	18
303	36
304	14
305	5
306	8
307	15
308	29
309	35
310	0
311	28
312	41
313	26
314	21
315	48
316	47
317	47
318	31
319	6
320	22
321	47
322	37
323	27
324	44
325	15
326	32
327	35
328	37
329	31
330	20
331	20
332	16
333	13
334	31
335	34
336	18
337	29
338	17
339	10
340	49
341	38
342	35
343	0
344	34
345	18
346	25
347	47
348	12
349	7
350	36
351	27
352	4
353	20
354	45
355	20
356	45
357	25
358	44
359	35
360	39
361	14
362	45
363	50
364	46
365	42
366	43
367	5
368	37
369	49
370	29
371	9
372	18
373	36
374	30
375	8
376	27
377	3
378	38
379	1
380	42
381	14
382	50
383	46
384	50
385	30
386	27
387	38
388	4
389	40
390	43
391	25
392	19
393	20
394	37
395	26
396	10
397	42
398	18
399	1
400	32
401	25
402	35
403	26
404	31
405	19
406	1
407	11
408	14
409	26
410	23
411	21
412	5
413	20
414	14
415	42
416	39
417	0
418	41
419	39
420	20
421	27
422	32
423	3
424	40
425	46
426	44
427	0
428	23
429	11
430	41
431	0
432	8
433	27
434	38
435	30
436	12
437	10
438	14
439	33
440	24
441	49
442	9
443	25
444	28
445	37
446	50
447	43
448	23
449	18
450	15
451	34
452	4
453	15
454	44
455	13
456	20
457	24
458	41
459	30
460	21
461	18
462	28
463	3
464	39
465	40
466	31
467	6
468	13
469	36
470	14
471	46
472	33
473	44
474	5
475	3
476	22
477	39
478	10
479	23
480	17
481	39
482	24
483	47
484	39
485	1
486	14
487	36
488	45
489	1
490	26
491	19
492	0
493	17
494	17
495	19
496	40
497	13
498	45
499	50
500	25
501	40
502	29
503	9
504	31
505	0
506	45
507	12
508	8
509	50
510	39
511	29
512	48
513	44
514	39
515	8
516	40
517	5
518	14
519	13
520	44
521	37
522	10
523	6
524	29
525	34
526	11
527	47
528	13
529	42
530	22
531	16
532	43
533	49
534	24
535	28
536	15
537	31
538	12
539	33
540	46
541	27
542	45
543	40
544	3
545	44
546	37
547	23
548	24
549	39
550	17
551	14
552	29
553	0
554	21
555	2
556	6
557	40
558	31
559	10
560	44
561	27
562	12
563	24
564	17
565	31
566	50
567	33
568	21
569	28
570	27
571	34
572	35
573	27
574	23
575	29
576	13
577	20
578	6
579	22
580	33
581	23
582	27
583	43
584	29
585	0
586	40
587	15
588	19
589	49
590	43
591	15
592	11
593	20
594	10
595	38
596	3
597	0
598	22
599	0
600	32
601	35
602	2
603	47
604	13
605	50
606	45
607	22
608	19
609	27
610	32
611	5
612	0
613	48
614	21
615	10
616	41
617	18
618	40
619	47
620	29
621	26
622	37
623	2
624	45
625	11
626	10
627	16
628	28
629	24
630	41
631	36
632	25
633	12
634	45
635	15
636	29
637	35
638	27
639	37
640	4
641	6
642	12
643	37
644	24
645	4
646	9
647	42
648	43
649	16
650	11
651	28
652	13
653	19
654	26
655	37
656	47
657	23
658	49
659	1
660	33
661	16
662	7
663	27
664	23
665	10
666	35
667	1
668	8
669	50
670	5
671	28
672	19
673	39
674	1
675	11
676	3
677	13
678	24
679	0
680	26
681	5
682	31
683	29
684	7
685	11
686	3
687	49
688	47
689	2
690	33
691	21
692	32
693	43
694	9
695	37
696	49
697	26
698	33
699	25
700	48
701	25
702	26
703	28
704	21
705	10
706	14
707	39
708	4
709	19
710	0
711	48
712	2
713	0
714	43
715	31
716	15
717	2
718	11
719	36
720	40
721	35
722	2
723	40
724	42
725	15
726	12
727	37
728	18
729	45
730	31
731	24
732	32
733	28
734	42
735	23
736	47
737	13
738	5
739	48
740	17
741	26
742	14
743	19
744	31
745	28
746	26
747	29
748	32
749	4
750	42
751	11
752	25
753	21
754	10
755	49
756	14
757	2
758	6
759	18
760	8
761	26
762	49
763	16
764	50
765	1
766	26
767	37
768	47
769	34
770	45
771	5
772	23
773	37
774	27
775	16
776	43
777	30
778	1
779	23
780	40
781	21
782	8
783	24
784	28
785	12
786	32
787	26
788	48
789	19
790	43
791	45
792	40
793	35
794	27
795	3
796	27
797	6
798	18
799	11
800	25
801	7
802	43
803	4
804	43
805	4
806	49
807	27
808	0
809	3
810	50
811	2
812	32
813	1
814	50
815	41
816	21
817	27
818	13
819	24
820	34
821	44
822	48
823	33
824	9
825	47
826	38
827	36
828	7
829	33
830	19
831	1
832	5
833	29
834	30
835	48
836	45
837	8
838	14
839	26
840	12
841	20
842	10
843	46
844	23
845	46
846	8
847	19
848	48
849	34
850	29
851	18
852	44
853	30
854	5
855	32
856	39
857	42
858	15
859	50
860	6
861	14
862	6
863	5
864	26
865	29
866	8
867	35
868	44
869	35
870	10
871	32
872	48
873	20
874	47
875	36
876	23
877	10
878	23
879	4
880	43
881	25
882	29
883	42
884	8
885	25
886	39
887	16
888	47
889	38
890	39
891	34
892	36
893	37
894	32
895	7
896	33
897	1
898	8
899	50
900	39
901	1
902	26
903	20
904	8
905	19
906	47
907	5
908	49
909	33
910	13
911	34
912	48
913	46
914	48
915	43
916	45
917	25
918	44
919	36
920	9
921	10
922	15
923	45
924	45
925	40
926	50
927	1
928	3
929	18
930	20
931	43
932	4
933	19
934	10
935	49
936	19
937	11
938	25
939	3
940	19
941	18
942	22
943	26
944	7
945	4
946	34
947	19
948	15
949	18
950	25
951	11
952	13
953	49
954	18
955	41
956	18
957	6
958	3
959	10
960	50
961	21
962	50
963	43
964	30
965	8
966	8
967	39
968	12
969	24
970	20
971	28
972	11
973	37
974	48
975	37
976	12
977	43
978	7
979	16
980	19
981	28
982	17
983	15
984	8
985	19
986	35
987	38
988	49
989	32
990	30
991	2
992	39
993	22
994	11
995	50
996	0
997	24
998	47
999	11
1000	12
1001	6
1002	35
1003	33
1004	33
1005	36
1006	35
1007	2
1008	47
1009	36
1010	28
1011	26
1012	41
1013	23
1014	43
1015	35
1016	20
1017	36
1018	40
1019	37
1020	31
1021	12
1022	9
1023	42
1024	4
1025	5
1026	8
1027	28
1028	26
1029	21
1030	38
1031	36
1032	7
1033	15
1034	36
1035	31
1036	14
1037	22
1038	49
1039	42
1040	30
1041	44
1042	34
1043	28
1044	25
1045	16
1046	38
1047	22
1048	27
1049	39
1050	49
1051	41
1052	22
1053	29
1054	5
1055	31
1056	41
1057	49
1058	32
1059	10
1060	10
1061	12
1062	34
1063	32
1064	28
1065	23
1066	18
1067	39
1068	30
1069	20
1070	49
1071	19
1072	9
1073	46
1074	20
1075	4
1076	43
1077	12
1078	32
1079	39
1080	36
1081	10
1082	24
1083	15
1084	17
1085	31
1086	7
1087	13
1088	28
1089	9
1090	47
1091	47
1092	49
1093	2
1094	34
1095	44
1096	15
1097	31
1098	34
1099	6
1100	42
1101	20
1102	3
1103	47
1104	32
1105	14
1106	45
1107	15
1108	42
1109	31
1110	19
1111	9
1112	23
1113	29
1114	4
1115	8
1116	27
1117	7
1118	20
1119	0
1120	34
1121	43
1122	41
1123	17
1124	33
1125	16
1126	4
1127	47
1128	13
1129	17
1130	8
1131	43
1132	29
1133	7
1134	42
1135	39
1136	32
1137	34
1138	20
1139	7
1140	36
1141	43
1142	17
1143	5
1144	31
1145	42
1146	50
1147	7
1148	39
1149	2
1150	26
1151	0
1152	6
1153	3
1154	40
1155	50
1156	30
1157	8
1158	15
1159	9
1160	17
1161	25
1162	31
1163	17
1164	17
1165	4
1166	1
1167	15
1168	44
1169	44
1170	47
1171	25
1172	13
1173	22
1174	5
1175	23
1176	14
1177	6
1178	17
1179	4
1180	42
1181	17
1182	50
1183	8
1184	28
1185	2
1186	41
1187	21
1188	10
1189	50
1190	13
1191	42
1192	10
1193	23
1194	38
1195	16
1196	21
1197	2
1198	11
1199	24
1200	12
1201	33
1202	16
1203	38
1204	49
1205	13
1206	48
1207	42
1208	15
1209	19
1210	15
1211	5
1212	39
1213	39
1214	50
1215	21
1216	19
1217	25
1218	33
1219	46
1220	45
1221	12
1222	16
1223	35
1224	18
1225	29
1226	35
1227	22
1228	37
1229	34
1230	23
1231	42
1232	32
1233	12
1234	49
1235	37
1236	39
1237	18
1238	50
1239	49
1240	14
1241	33
1242	9
1243	34
1244	29
1245	28
1246	5
1247	43
1248	37
1249	27
1250	22
1251	36
1252	7
1253	42
1254	36
1255	38
1256	26
1257	28
1258	19
1259	6
1260	46
1261	6
1262	24
1263	20
1264	34
1265	2
1266	37
1267	50
1268	9
1269	21
1270	26
1271	28
1272	8
1273	20
1274	14
1275	7
1276	10
1277	23
1278	25
1279	11
1280	37
1281	10
1282	1
1283	2
1284	2
1285	28
1286	34
1287	45
1288	45
1289	26
1290	35
1291	41
1292	14
1293	12
1294	4
1295	21
1296	40
1297	29
1298	23
1299	42
1300	7
1301	2
1302	37
1303	36
1304	45
1305	35
1306	0
1307	27
1308	3
1309	18
1310	34
1311	43
1312	14
1313	8
1314	22
1315	5
1316	48
1317	6
1318	28
1319	25
1320	47
1321	41
1322	17
1323	46
1324	3
1325	11
1326	38
1327	28
1328	19
1329	19
1330	16
1331	13
1332	20
1333	20
1334	20
1335	14
1336	33
1337	37
1338	10
1339	49
1340	8
1341	0
1342	44
1343	19
1344	7
1345	10
1346	27
1347	20
1348	9
1349	5
1350	50
1351	36
1352	35
1353	6
1354	21
1355	30
1356	30
1357	7
1358	45
1359	30
1360	11
1361	23
1362	27
1363	50
1364	23
1365	7
1366	14
1367	18
1368	39
1369	32
1370	24
1371	8
1372	20
1373	35
1374	27
1375	30
1376	41
1377	5
1378	46
1379	28
1380	27
1381	20
1382	31
1383	44
1384	48
1385	25
1386	10
1387	19
1388	31
1389	47
1390	48
1391	28
1392	1
1393	43
1394	50
1395	22
1396	35
1397	30
1398	31
1399	40
1400	21
1401	13
1402	14
1403	8
1404	35
1405	39
1406	13
1407	24
1408	30
1409	28
1410	25
1411	3
1412	12
1413	36
1414	24
1415	17
1416	4
1417	31
1418	24
1419	6
1420	27
1421	28
1422	25
1423	17
1424	32
1425	10
1426	23
1427	7
1428	49
1429	46
1430	0
1431	10
1432	7
1433	39
1434	16
1435	11
1436	9
1437	22
1438	24
1439	38
1440	12
1441	47
1442	15
1443	44
1444	4
1445	39
1446	43
1447	17
1448	41
1449	49
1450	1
1451	7
1452	38
1453	19
1454	21
1455	47
1456	26
1457	5
1458	42
1459	27
1460	5
1461	12
1462	32
1463	44
1464	9
1465	49
1466	19
1467	8
1468	14
1469	35
1470	21
1471	13
1472	30
1473	14
1474	6
1475	8
1476	19
1477	21
1478	29
1479	38
1480	20
1481	27
1482	40
1483	1
1484	9
1485	39
1486	0
1487	46
1488	46
1489	14
1490	25
1491	1
1492	25
1493	14
1494	27
1495	29
1496	14
1497	22
1498	43
1499	36
1500	0
1501	25
1502	43
1503	41
1504	47
1505	17
1506	22
1507	7
1508	5
1509	9
1510	46
1511	31
1512	7
1513	2
1514	45
1515	12
1516	8
1517	9
1518	4
1519	3
1520	30
1521	30
1522	11
1523	39
1524	39
1525	47
1526	0
1527	21
1528	29
1529	17
1530	50
1531	3
1532	1
1533	32
1534	6
1535	29
1536	4
1537	10
1538	42
1539	29
1540	46
1541	12
1542	14
1543	15
1544	23
1545	0
1546	27
1547	18
1548	40
1549	28
1550	2
1551	21
1552	46
1553	36
1554	28
1555	6
1556	46
1557	31
1558	37
1559	40
1560	46
1561	3
1562	12
1563	2
1564	31
1565	48
1566	16
1567	24
1568	33
1569	6
1570	49
1571	28
1572	28
1573	27
1574	1
1575	13
1576	1
1577	37
1578	18
1579	46
1580	6
1581	2
1582	1
1583	9
1584	28
1585	29
1586	35
1587	23
1588	9
1589	25
1590	10
1591	29
1592	10
1593	44
1594	22
1595	39
1596	10
1597	46
1598	0
1599	34
1600	47
1601	40
1602	32
1603	1
1604	48
1605	1
1606	35
1607	6
1608	36
1609	14
1610	18
1611	44
1612	2
1613	17
1614	23
1615	28
1616	49
1617	12
1618	36
1619	16
1620	13
1621	7
1622	5
1623	0
1624	2
1625	37
1626	47
1627	10
1628	6
1629	30
1630	38
1631	4
1632	5
1633	47
1634	18
1635	7
1636	14
1637	12
1638	32
1639	43
1640	19
1641	50
1642	23
1643	7
1644	8
1645	25
1646	25
1647	21
1648	10
1649	4
1650	29
1651	7
1652	25
1653	41
1654	4
1655	45
1656	1
1657	15
1658	12
1659	48
1660	43
1661	34
1662	37
1663	45
1664	19
1665	26
1666	11
1667	22
1668	25
1669	35
1670	29
1671	33
1672	32
1673	5
1674	2
1675	0
1676	11
1677	42
1678	2
1679	35
1680	2
1681	28
1682	46
1683	43
1684	13
1685	42
1686	16
1687	11
1688	0
1689	28
1690	13
1691	43
1692	16
1693	21
1694	12
1695	1
1696	0
1697	17
1698	31
1699	9
1700	12
1701	3
1702	13
1703	35
1704	5
1705	25
1706	28
1707	30
1708	33
1709	11
1710	37
1711	34
1712	38
1713	33
1714	33
1715	31
1716	36
1717	8
1718	30
1719	41
1720	33
1721	46
1722	46
1723	42
1724	26
1725	41
1726	49
1727	44
1728	11
1729	29
1730	10
1731	24
1732	50
1733	50
1734	31
1735	40
1736	12
1737	29
1738	26
1739	32
1740	20
1741	44
1742	7
1743	17
1744	12
1745	10
1746	48
1747	22
1748	47
1749	9
1750	4
1751	2
1752	3
1753	4
1754	50
1755	28
1756	35
1757	5
1758	28
1759	26
1760	32
1761	21
1762	15
1763	48
1764	40
1765	2
1766	16
1767	16
1768	16
1769	20
1770	4
1771	8
1772	8
1773	28
1774	34
1775	1
1776	16
1777	48
1778	37
1779	36
1780	27
1781	0
1782	32
1783	6
1784	28
1785	4
1786	24
1787	33
1788	14
1789	38
1790	48
1791	19
1792	1
1793	30
1794	12
1795	13
1796	26
1797	12
1798	44
1799	14
1800	5
1801	32
1802	6
1803	37
1804	35
1805	8
1806	13
1807	16
1808	45
1809	49
1810	39
1811	12
1812	49
1813	14
1814	9
1815	24
1816	2
1817	45
1818	9
1819	36
1820	5
1821	14
1822	50
1823	28
1824	38
1825	16
1826	4
1827	25
1828	30
1829	16
1830	12
1831	42
1832	37
1833	12
1834	24
1835	24
1836	39
1837	26
1838	30
1839	32
1840	12
1841	2
1842	34
1843	17
1844	41
1845	47
1846	35
1847	43
1848	2
1849	42
1850	39
1851	39
1852	16
1853	0
1854	25
1855	27
1856	46
1857	21
1858	25
1859	15
1860	44
1861	0
1862	28
1863	30
1864	45
1865	50
1866	13
1867	1
1868	43
1869	2
1870	16
1871	45
1872	31
1873	25
1874	33
1875	20
1876	13
1877	1
1878	39
1879	24
1880	14
1881	22
1882	25
1883	20
1884	25
1885	27
1886	15
1887	24
1888	18
1889	46
1890	8
1891	33
1892	17
1893	47
1894	5
1895	1
1896	7
1897	27
1898	48
1899	50
1900	37
1901	19
1902	31
1903	22
1904	1
1905	25
1906	6
1907	32
1908	1
1909	37
1910	27
1911	15
1912	21
1913	2
1914	36
1915	41
1916	14
1917	39
1918	42
1919	17
1920	30
1921	47
1922	44
1923	11
1924	29
1925	0
1926	49
1927	40
1928	28
1929	27
1930	33
1931	37
1932	28
1933	40
1934	36
1935	28
1936	34
1937	46
1938	41
1939	11
1940	20
1941	42
1942	39
1943	36
1944	11
1945	44
1946	50
1947	25
1948	11
1949	12
1950	42
1951	37
1952	6
1953	27
1954	30
1955	26
1956	27
1957	32
1958	25
1959	14
1960	34
1961	40
1962	17
1963	35
1964	38
1965	48
1966	23
1967	16
1968	46
1969	37
1970	47
1971	7
1972	30
1973	15
1974	8
1975	37
1976	10
1977	21
1978	16
1979	39
1980	7
1981	31
1982	0
1983	30
1984	1
1985	0
1986	27
1987	39
1988	12
1989	42
1990	4
1991	1
1992	8
1993	18
1994	26
1995	14
1996	34
1997	21
1998	0
1999	40
2000	4
2001	16
2002	7
2003	38
2004	41
2005	40
2006	49
2007	6
2008	46
2009	35
2010	6
2011	49
2012	5
2013	5
2014	34
2015	12
2016	5
2017	47
2018	45
2019	9
2020	15
2021	31
2022	28
2023	44
2024	29
2025	31
2026	47
2027	9
2028	0
2029	16
2030	47
2031	33
2032	23
2033	3
2034	23
2035	1
2036	9
2037	10
2038	24
2039	39
2040	5
2041	36
2042	25
2043	34
2044	0
2045	48
2046	4
2047	20
2048	7
2049	34
2050	14
2051	12
2052	6
2053	41
2054	10
2055	13
2056	40
2057	19
2058	35
2059	39
2060	44
2061	27
2062	11
2063	41
2064	30
2065	28
2066	7
2067	31
2068	30
2069	18
2070	37
2071	23
2072	11
2073	34
2074	46
2075	41
2076	17
2077	39
2078	40
2079	0
2080	7
2081	19
2082	35
2083	18
2084	14
2085	27
2086	5
2087	43
2088	48
2089	38
2090	27
2091	30
2092	38
2093	38
2094	21
2095	6
2096	12
2097	1
2098	27
2099	39
2100	6
2101	36
2102	22
2103	26
2104	13
2105	2
2106	47
2107	44
2108	24
2109	2
2110	28
2111	20
2112	27
2113	21
2114	2
2115	44
2116	3
2117	10
2118	37
2119	29
2120	35
2121	14
2122	23
2123	33
2124	34
2125	41
2126	44
2127	46
2128	40
2129	17
2130	13
2131	45
2132	4
2133	20
2134	25
2135	24
2136	29
2137	47
2138	3
2139	6
2140	13
2141	50
2142	30
2143	39
2144	39
2145	28
2146	41
2147	29
2148	28
2149	2
2150	16
2151	26
2152	8
2153	2
2154	50
2155	11
2156	27
2157	27
2158	40
2159	50
2160	24
2161	5
2162	5
2163	10
2164	4
2165	6
2166	45
2167	50
2168	7
2169	24
2170	38
2171	41
2172	6
2173	30
2174	13
2175	49
2176	35
2177	9
2178	37
2179	2
2180	1
2181	14
2182	37
2183	50
2184	23
2185	31
2186	42
2187	37
2188	10
2189	42
2190	30
2191	3
2192	29
2193	11
2194	21
2195	10
2196	7
2197	14
2198	5
2199	7
2200	49
2201	43
2202	50
2203	35
2204	28
2205	5
2206	40
2207	10
2208	18
2209	9
2210	20
2211	13
2212	31
2213	7
2214	43
2215	48
2216	34
2217	13
2218	16
2219	30
2220	45
2221	36
2222	31
2223	43
2224	40
2225	35
2226	9
2227	25
2228	43
2229	20
2230	3
2231	4
2232	35
2233	36
2234	11
2235	12
2236	42
2237	40
2238	9
2239	23
2240	9
2241	11
2242	43
2243	0
2244	49
2245	8
2246	28
2247	21
2248	18
2249	48
2250	34
2251	20
2252	41
2253	16
2254	17
2255	43
2256	21
2257	18
2258	22
2259	17
2260	43
2261	25
2262	27
2263	31
2264	27
2265	21
2266	4
2267	6
2268	3
2269	14
2270	23
2271	6
2272	48
2273	29
2274	24
2275	15
2276	27
2277	36
2278	4
2279	33
2280	50
2281	9
2282	12
2283	16
2284	32
2285	33
2286	49
2287	46
2288	28
2289	41
2290	27
2291	32
2292	27
2293	24
2294	6
2295	42
2296	5
2297	20
2298	5
2299	39
2300	45
2301	16
2302	42
2303	14
2304	46
2305	35
2306	43
2307	0
2308	37
2309	1
2310	18
2311	12
2312	7
2313	23
2314	37
2315	39
2316	49
2317	14
2318	2
2319	1
2320	15
2321	7
2322	50
2323	3
2324	21
2325	49
2326	42
2327	16
2328	10
2329	13
2330	32
2331	14
2332	38
2333	32
2334	8
2335	29
2336	8
2337	41
2338	13
2339	16
2340	20
2341	15
2342	5
2343	23
2344	6
2345	23
2346	27
2347	44
2348	32
2349	3
2350	3
2351	45
2352	16
2353	31
2354	49
2355	9
2356	47
2357	37
2358	16
2359	34
2360	23
2361	17
2362	14
2363	49
2364	49
2365	14
2366	7
2367	27
2368	37
2369	0
2370	8
2371	22
2372	8
2373	30
2374	36
2375	37
2376	46
2377	48
2378	31
2379	20
2380	28
2381	46
2382	32
2383	47
2384	35
2385	38
2386	23
2387	43
2388	40
2389	44
2390	34
2391	3
2392	29
2393	16
2394	10
2395	5
2396	38
2397	0
2398	25
2399	3
2400	21
2401	48
2402	31
2403	26
2404	8
2405	18
2406	46
2407	45
2408	34
2409	17
2410	45
2411	45
2412	40
2413	36
2414	38
2415	13
2416	43
2417	8
2418	15
2419	22
2420	1
2421	47
2422	20
2423	30
2424	31
2425	47
2426	11
2427	37
2428	25
2429	48
2430	3
2431	4
2432	16
2433	48
2434	17
2435	6
2436	13
2437	17
2438	16
2439	6
2440	3
2441	15
2442	15
2443	34
2444	26
2445	24
2446	18
2447	29
2448	44
2449	41
2450	20
2451	49
2452	48
2453	35
2454	5
2455	45
2456	35
2457	14
2458	39
2459	0
2460	39
2461	18
2462	16
2463	28
2464	46
2465	25
2466	11
2467	23
2468	18
2469	40
2470	1
2471	5
2472	47
2473	28
2474	50
2475	31
2476	4
2477	46
2478	11
2479	37
2480	20
2481	44
2482	42
2483	29
2484	41
2485	38
2486	32
2487	50
2488	36
2489	43
2490	39
2491	42
2492	44
2493	49
2494	32
2495	16
2496	2
2497	13
2498	40
2499	39
2500	7
2501	13
2502	7
2503	27
2504	2
2505	9
2506	14
2507	50
2508	6
2509	38
2510	40
2511	0
2512	38
2513	29
2514	4
2515	29
2516	30
2517	40
2518	27
2519	18
2520	50
2521	36
2522	9
2523	42
2524	50
2525	41
2526	23
2527	19
2528	46
2529	46
2530	44
2531	34
2532	24
2533	22
2534	43
2535	25
2536	22
2537	41
2538	42
2539	20
2540	48
2541	7
2542	19
2543	21
2544	19
2545	1
2546	38
2547	41
2548	10
2549	30
2550	15
2551	47
2552	17
2553	42
2554	49
2555	7
2556	49
2557	28
2558	21
2559	3
2560	9
2561	22
2562	36
2563	1
2564	49
2565	0
2566	3
2567	0
2568	18
2569	12
2570	46
2571	40
2572	42
2573	5
2574	47
2575	16
2576	34
2577	22
2578	16
2579	7
2580	50
2581	30
2582	15
2583	39
2584	39
2585	13
2586	13
2587	37
2588	16
2589	23
2590	4
2591	23
2592	28
2593	46
2594	10
2595	47
2596	17
2597	2
2598	46
2599	29
2600	1
2601	3
2602	44
2603	10
2604	40
2605	6
2606	4
2607	3
2608	29
2609	24
2610	27
2611	21
2612	23
2613	22
2614	20
2615	50
2616	35
2617	32
2618	44
2619	16
2620	15
2621	22
2622	2
2623	43
2624	48
2625	18
2626	24
2627	11
2628	31
2629	10
2630	47
2631	15
2632	2
2633	40
2634	17
2635	25
2636	26
2637	8
2638	47
2639	11
2640	27
2641	20
2642	49
2643	13
2644	18
2645	9
2646	36
2647	43
2648	4
2649	29
2650	42
2651	38
2652	31
2653	6
2654	6
2655	39
2656	19
2657	21
2658	49
2659	47
2660	3
2661	24
2662	6
2663	34
2664	21
2665	50
2666	30
2667	29
2668	45
2669	16
2670	12
2671	38
2672	41
2673	34
2674	1
2675	44
2676	36
2677	15
2678	47
2679	4
2680	1
2681	40
2682	42
2683	13
2684	45
2685	26
2686	34
2687	12
2688	3
2689	11
2690	13
2691	33
2692	50
2693	26
2694	19
2695	26
2696	5
2697	36
2698	33
2699	32
2700	32
2701	6
2702	46
2703	22
2704	17
2705	17
2706	16
2707	45
2708	3
2709	28
2710	13
2711	5
2712	27
2713	28
2714	17
2715	18
2716	46
2717	27
2718	40
2719	35
2720	33
2721	47
2722	37
2723	23
2724	23
2725	40
2726	43
2727	40
2728	39
2729	16
2730	30
2731	3
2732	9
2733	7
2734	49
2735	3
2736	35
2737	42
2738	30
2739	11
2740	33
2741	38
2742	15
2743	15
2744	46
2745	24
2746	14
2747	8
2748	5
2749	13
2750	1
2751	13
2752	37
2753	7
2754	47
2755	1
2756	37
2757	50
2758	1
2759	5
2760	22
2761	2
2762	38
2763	13
2764	19
2765	8
2766	37
2767	40
2768	14
2769	28
2770	3
2771	50
2772	42
2773	40
2774	42
2775	13
2776	24
2777	32
2778	5
2779	20
2780	16
2781	36
2782	19
2783	41
2784	32
2785	2
2786	23
2787	26
2788	3
2789	3
2790	40
2791	13
2792	42
2793	14
2794	46
2795	38
2796	39
2797	46
2798	26
2799	39
2800	1
2801	33
2802	31
2803	32
2804	1
2805	20
2806	27
2807	8
2808	10
2809	45
2810	4
2811	36
2812	11
2813	18
2814	14
2815	42
2816	45
2817	25
2818	1
2819	9
2820	43
2821	38
2822	30
2823	25
2824	18
2825	25
2826	24
2827	25
2828	3
2829	33
2830	13
2831	8
2832	8
2833	12
2834	31
2835	50
2836	20
2837	6
2838	19
2839	32
2840	8
2841	30
2842	18
2843	19
2844	36
2845	49
2846	40
2847	9
2848	48
2849	15
2850	41
2851	9
2852	39
2853	45
2854	0
2855	10
2856	46
2857	4
2858	23
2859	48
2860	32
2861	5
2862	33
2863	28
2864	21
2865	37
2866	33
2867	9
2868	36
2869	28
2870	10
2871	31
2872	23
2873	19
2874	18
2875	33
2876	39
2877	19
2878	9
2879	50
2880	44
2881	16
2882	5
2883	32
2884	42
2885	8
2886	34
2887	18
2888	1
2889	34
2890	21
2891	40
2892	12
2893	9
2894	17
2895	38
2896	44
2897	29
2898	31
2899	9
2900	8
2901	1
2902	11
2903	39
2904	44
2905	10
2906	6
2907	20
2908	41
2909	29
2910	39
2911	3
2912	13
2913	1
2914	23
2915	49
2916	22
2917	4
2918	3
2919	43
2920	4
2921	50
2922	5
2923	11
2924	23
2925	3
2926	38
2927	38
2928	14
2929	8
2930	48
2931	35
2932	19
2933	0
2934	10
2935	24
2936	26
2937	14
2938	47
2939	10
2940	7
2941	32
2942	15
2943	46
2944	43
2945	23
2946	24
2947	15
2948	26
2949	18
2950	50
2951	27
2952	6
2953	23
2954	21
2955	25
2956	14
2957	26
2958	33
2959	41
2960	15
2961	35
2962	17
2963	40
2964	9
2965	29
2966	11
2967	46
2968	21
2969	28
2970	2
2971	34
2972	26
2973	11
2974	21
2975	10
2976	19
2977	29
2978	6
2979	25
2980	41
2981	10
2982	43
2983	21
2984	34
2985	22
2986	45
2987	38
2988	40
2989	41
2990	16
2991	16
2992	41
2993	24
2994	19
2995	14
2996	12
2997	33
2998	35
2999	30
3000	8
3001	30
3002	31
3003	45
3004	9
3005	44
3006	16
3007	27
3008	19
3009	30
3010	23
3011	1
3012	4
3013	41
3014	33
3015	13
3016	37
3017	44
3018	45
3019	46
3020	28
3021	25
3022	15
3023	36
3024	22
3025	30
3026	31
3027	23
3028	47
3029	1
3030	6
3031	35
3032	18
3033	14
3034	32
3035	16
3036	23
3037	7
3038	49
3039	10
3040	27
3041	23
3042	39
3043	12
3044	27
3045	21
3046	11
3047	23
3048	12
3049	17
3050	14
3051	26
3052	34
3053	37
3054	38
3055	9
3056	50
3057	47
3058	2
3059	18
3060	38
3061	20
3062	34
3063	14
3064	45
3065	41
3066	23
3067	22
3068	44
3069	9
3070	28
3071	28
3072	32
3073	8
3074	10
3075	14
3076	22
3077	29
3078	24
3079	38
3080	49
3081	34
3082	28
3083	20
3084	31
3085	20
3086	36
3087	13
3088	16
3089	33
3090	29
3091	32
3092	44
3093	43
3094	42
3095	17
3096	28
3097	21
3098	31
3099	20
3100	39
3101	35
3102	36
3103	47
3104	37
3105	26
3106	15
3107	3
3108	25
3109	36
3110	50
3111	0
3112	27
3113	47
3114	5
3115	20
3116	30
3117	35
3118	18
3119	20
3120	25
3121	2
3122	18
3123	9
3124	34
3125	33
3126	13
3127	0
3128	40
3129	1
3130	49
3131	0
3132	44
3133	26
3134	10
3135	12
3136	48
3137	5
3138	18
3139	26
3140	17
3141	14
3142	19
3143	23
3144	16
3145	6
3146	36
3147	44
3148	46
3149	33
3150	31
3151	36
3152	0
3153	15
3154	32
3155	40
3156	9
3157	6
3158	30
3159	26
3160	27
3161	24
3162	42
3163	5
3164	12
3165	30
3166	42
3167	29
3168	19
3169	17
3170	17
3171	10
3172	47
3173	39
3174	45
3175	17
3176	20
3177	10
3178	1
3179	23
3180	32
3181	48
3182	49
3183	12
3184	39
3185	8
3186	8
3187	28
3188	44
3189	17
3190	30
3191	35
3192	15
3193	2
3194	29
3195	32
3196	29
3197	36
3198	26
3199	7
3200	28
3201	10
3202	35
3203	31
3204	20
3205	44
3206	16
3207	50
3208	30
3209	46
3210	27
3211	30
3212	39
3213	16
3214	47
3215	50
3216	8
3217	4
3218	49
3219	12
3220	0
3221	31
3222	36
3223	38
3224	39
3225	3
3226	24
3227	15
3228	44
3229	33
3230	23
3231	20
3232	18
3233	17
3234	31
3235	26
3236	25
3237	22
3238	2
3239	0
3240	49
3241	40
3242	42
3243	3
3244	13
3245	14
3246	14
3247	25
3248	43
3249	22
3250	41
3251	29
3252	18
3253	8
3254	3
3255	25
3256	38
3257	44
3258	24
3259	32
3260	12
3261	3
3262	18
3263	46
3264	44
3265	28
3266	33
3267	44
3268	35
3269	3
3270	48
3271	30
3272	19
3273	0
3274	16
3275	35
3276	3
3277	37
3278	4
3279	20
3280	26
3281	2
3282	4
3283	43
3284	49
3285	8
3286	41
3287	30
3288	47
3289	49
3290	26
3291	45
3292	8
3293	33
3294	47
3295	10
3296	50
3297	34
3298	8
3299	17
3300	2
3301	38
3302	20
3303	44
3304	35
3305	5
3306	19
3307	29
3308	42
3309	5
3310	26
3311	27
3312	35
3313	4
3314	11
3315	37
3316	36
3317	26
3318	2
3319	0
3320	19
3321	10
3322	34
3323	45
3324	31
3325	31
3326	16
3327	15
3328	44
3329	0
3330	11
3331	26
3332	50
3333	3
3334	5
3335	14
3336	23
3337	1
3338	13
3339	30
3340	25
3341	17
3342	31
3343	6
3344	7
3345	14
3346	48
3347	21
3348	16
3349	37
3350	42
3351	7
3352	46
3353	41
3354	18
3355	10
3356	25
3357	42
3358	10
3359	8
3360	40
3361	30
3362	37
3363	25
3364	15
3365	49
3366	12
3367	34
3368	16
3369	0
3370	26
3371	36
3372	41
3373	26
3374	0
3375	16
3376	29
3377	29
3378	47
3379	48
3380	36
3381	8
3382	37
3383	6
3384	17
3385	3
3386	41
3387	26
3388	36
3389	1
3390	8
3391	10
3392	25
3393	8
3394	5
3395	28
3396	5
3397	48
3398	39
3399	50
3400	39
3401	15
3402	41
3403	10
3404	6
3405	16
3406	35
3407	6
3408	45
3409	3
3410	39
3411	35
3412	26
3413	38
3414	27
3415	35
3416	7
3417	15
3418	27
3419	32
3420	30
3421	37
3422	35
3423	16
3424	48
3425	48
3426	15
3427	23
3428	19
3429	4
3430	28
3431	41
3432	11
3433	27
3434	30
3435	5
3436	21
3437	5
3438	17
3439	31
3440	33
3441	50
3442	35
3443	45
3444	36
3445	43
3446	23
3447	10
3448	25
3449	41
3450	23
3451	1
3452	49
3453	0
3454	14
3455	26
3456	31
3457	21
3458	49
3459	47
3460	15
3461	11
3462	18
3463	17
3464	23
3465	12
3466	8
3467	14
3468	23
3469	7
3470	35
3471	38
3472	14
3473	7
3474	29
3475	14
3476	17
3477	23
3478	22
3479	42
3480	5
3481	17
3482	0
3483	50
3484	49
3485	24
3486	2
3487	20
3488	0
3489	2
3490	4
3491	14
3492	2
3493	16
3494	43
3495	47
3496	2
3497	36
3498	12
3499	19
3500	47
3501	18
3502	28
3503	35
3504	39
3505	27
3506	2
3507	13
3508	34
3509	18
3510	26
3511	36
3512	23
3513	11
3514	37
3515	21
3516	37
3517	20
3518	14
3519	43
3520	41
3521	23
3522	18
3523	22
3524	30
3525	12
3526	31
3527	22
3528	23
3529	20
3530	12
3531	0
3532	16
3533	48
3534	33
3535	7
3536	33
3537	21
3538	9
3539	22
3540	44
3541	49
3542	24
3543	35
3544	38
3545	33
3546	10
3547	1
3548	42
3549	15
3550	6
3551	33
3552	26
3553	28
3554	26
3555	11
3556	30
3557	1
3558	24
3559	0
3560	28
3561	11
3562	41
3563	45
3564	1
3565	33
3566	46
3567	34
3568	3
3569	32
3570	3
3571	7
3572	33
3573	34
3574	1
3575	29
3576	44
3577	32
3578	32
3579	11
3580	32
3581	7
3582	42
3583	12
3584	41
3585	1
3586	30
3587	16
3588	15
3589	31
3590	12
3591	49
3592	8
3593	27
3594	34
3595	15
3596	46
3597	39
3598	11
3599	22
3600	28
3601	1
3602	39
3603	37
3604	15
3605	40
3606	21
3607	22
3608	44
3609	15
3610	39
3611	37
3612	10
3613	14
3614	8
3615	31
3616	12
3617	47
3618	10
3619	12
3620	38
3621	31
3622	21
3623	0
3624	40
3625	17
3626	27
3627	16
3628	9
3629	45
3630	25
3631	36
3632	42
3633	20
3634	32
3635	4
3636	2
3637	30
3638	50
3639	48
3640	49
3641	29
3642	22
3643	36
3644	31
3645	44
3646	46
3647	34
3648	15
3649	25
3650	37
3651	37
3652	4
3653	2
3654	10
3655	10
3656	21
3657	2
3658	35
3659	15
3660	6
3661	35
3662	40
3663	32
3664	48
3665	39
3666	16
3667	37
3668	17
3669	49
3670	3
3671	27
3672	33
3673	34
3674	12
3675	22
3676	1
3677	0
3678	50
3679	4
3680	21
3681	35
3682	25
3683	20
3684	43
3685	43
3686	9
3687	44
3688	2
3689	5
3690	5
3691	17
3692	16
3693	0
3694	10
3695	27
3696	18
3697	44
3698	13
3699	5
3700	0
3701	23
3702	39
3703	13
3704	3
3705	14
3706	6
3707	46
3708	0
3709	3
3710	43
3711	8
3712	35
3713	16
3714	24
3715	50
3716	33
3717	12
3718	29
3719	33
3720	44
3721	1
3722	6
3723	49
3724	17
3725	39
3726	15
3727	32
3728	5
3729	36
3730	41
3731	8
3732	7
3733	25
3734	30
3735	37
3736	13
3737	14
3738	30
3739	42
3740	21
3741	9
3742	38
3743	30
3744	41
3745	47
3746	4
3747	40
3748	31
3749	41
3750	1
3751	41
3752	48
3753	12
3754	16
3755	36
3756	0
3757	17
3758	0
3759	28
3760	20
3761	28
3762	0
3763	26
3764	42
3765	45
3766	10
3767	3
3768	41
3769	24
3770	14
3771	2
3772	47
3773	5
3774	29
3775	40
3776	48
3777	2
3778	6
3779	26
3780	49
3781	23
3782	15
3783	2
3784	19
3785	17
3786	19
3787	19
3788	12
3789	23
3790	30
3791	14
3792	37
3793	34
3794	20
3795	8
3796	6
3797	32
3798	2
3799	49
3800	34
3801	31
3802	15
3803	29
3804	12
3805	29
3806	20
3807	46
3808	49
3809	39
3810	41
3811	40
3812	49
3813	5
3814	40
3815	46
3816	25
3817	44
3818	40
3819	1
3820	40
3821	24
3822	31
3823	16
3824	30
3825	30
3826	7
3827	25
3828	9
3829	33
3830	2
3831	18
3832	30
3833	48
3834	5
3835	7
3836	20
3837	15
3838	36
3839	42
3840	6
3841	34
3842	40
3843	46
3844	17
3845	13
3846	38
3847	20
3848	28
3849	35
3850	15
3851	38
3852	47
3853	37
3854	16
3855	24
3856	47
3857	29
3858	5
3859	25
3860	18
3861	46
3862	28
3863	9
3864	1
3865	47
3866	7
3867	33
3868	20
3869	18
3870	36
3871	21
3872	9
3873	14
3874	19
3875	29
3876	41
3877	23
3878	48
3879	17
3880	19
3881	40
3882	18
3883	50
3884	28
3885	33
3886	27
3887	17
3888	35
3889	17
3890	4
3891	7
3892	17
3893	32
3894	14
3895	17
3896	6
3897	35
3898	2
3899	50
3900	14
3901	43
3902	35
3903	31
3904	26
3905	27
3906	41
3907	8
3908	12
3909	4
3910	34
3911	9
3912	37
3913	41
3914	19
3915	37
3916	1
3917	42
3918	46
3919	1
3920	23
3921	27
3922	20
3923	4
3924	33
3925	36
3926	47
3927	7
3928	46
3929	41
3930	3
3931	30
3932	50
3933	33
3934	0
3935	40
3936	11
3937	32
3938	13
3939	48
3940	21
3941	8
3942	14
3943	42
3944	12
3945	49
3946	30
3947	36
3948	4
3949	46
3950	44
3951	49
3952	48
3953	39
3954	17
3955	25
3956	49
3957	1
3958	39
3959	30
3960	33
3961	42
3962	11
3963	46
3964	25
3965	0
3966	41
3967	11
3968	42
3969	10
3970	6
3971	28
3972	1
3973	9
3974	39
3975	29
3976	47
3977	44
3978	16
3979	50
3980	15
3981	44
3982	36
3983	0
3984	35
3985	22
3986	3
3987	47
3988	29
3989	44
3990	44
3991	44
3992	42
3993	2
3994	12
3995	13
3996	24
3997	12
3998	40
3999	9
4000	22
4001	33
4002	23
4003	43
4004	29
4005	14
4006	2
4007	34
4008	14
4009	29
4010	29
4011	16
4012	13
4013	6
4014	42
4015	14
4016	50
4017	44
4018	2
4019	12
4020	31
4021	19
4022	39
4023	37
4024	49
4025	18
4026	35
4027	1
4028	3
4029	40
4030	2
4031	19
4032	39
4033	3
4034	42
4035	17
4036	38
4037	50
4038	34
4039	20
4040	45
4041	14
4042	11
4043	24
4044	17
4045	46
4046	18
4047	47
4048	29
4049	3
4050	21
4051	5
4052	31
4053	26
4054	28
4055	30
4056	7
4057	22
4058	26
4059	3
4060	45
4061	17
4062	46
4063	50
4064	27
4065	34
4066	16
4067	24
4068	39
4069	47
4070	33
4071	18
4072	32
4073	26
4074	22
4075	27
4076	34
4077	7
4078	20
4079	25
4080	11
4081	27
4082	26
4083	28
4084	31
4085	16
4086	37
4087	10
4088	24
4089	45
4090	13
4091	14
4092	49
4093	43
4094	2
4095	17
4096	26
4097	12
4098	34
4099	19
4100	33
4101	29
4102	2
4103	46
4104	17
4105	0
4106	46
4107	46
4108	1
4109	48
4110	12
4111	1
4112	10
4113	5
4114	16
4115	30
4116	47
4117	19
4118	1
4119	36
4120	20
4121	16
4122	48
4123	44
4124	10
4125	10
4126	6
4127	41
4128	31
4129	34
4130	39
4131	15
4132	24
4133	3
4134	16
4135	12
4136	18
4137	11
4138	12
4139	1
4140	9
4141	31
4142	7
4143	9
4144	45
4145	8
4146	45
4147	26
4148	18
4149	35
4150	31
4151	50
4152	18
4153	48
4154	28
4155	41
4156	26
4157	10
4158	17
4159	9
4160	48
4161	21
4162	36
4163	0
4164	48
4165	21
4166	3
4167	10
4168	1
4169	22
4170	3
4171	29
4172	18
4173	2
4174	29
4175	37
4176	25
4177	13
4178	24
4179	49
4180	12
4181	47
4182	18
4183	1
4184	34
4185	0
4186	38
4187	10
4188	1
4189	9
4190	15
4191	8
4192	9
4193	30
4194	50
4195	20
4196	47
4197	8
4198	23
4199	39
4200	16
4201	50
4202	36
4203	12
4204	19
4205	49
4206	36
4207	19
4208	42
4209	5
4210	32
4211	15
4212	41
4213	28
4214	33
4215	43
4216	23
4217	16
4218	34
4219	44
4220	13
4221	10
4222	40
4223	24
4224	23
4225	50
4226	25
4227	10
4228	16
4229	25
4230	29
4231	25
4232	38
4233	47
4234	1
4235	11
4236	42
4237	32
4238	20
4239	5
4240	41
4241	16
4242	4
4243	3
4244	0
4245	21
4246	28
4247	6
4248	18
4249	40
4250	0
4251	0
4252	10
4253	44
4254	31
4255	31
4256	40
4257	48
4258	50
4259	10
4260	41
4261	27
4262	2
4263	9
4264	14
4265	1
4266	0
4267	39
4268	43
4269	48
4270	40
4271	25
4272	26
4273	14
4274	2
4275	50
4276	46
4277	38
4278	13
4279	18
4280	37
4281	48
4282	23
4283	43
4284	24
4285	35
4286	46
4287	37
4288	34
4289	39
4290	43
4291	4
4292	29
4293	25
4294	33
4295	8
4296	16
4297	30
4298	39
4299	12
4300	4
4301	20
4302	26
4303	22
4304	14
4305	0
4306	35
4307	36
4308	2
4309	35
4310	12
4311	5
4312	40
4313	38
4314	27
4315	24
4316	19
4317	7
4318	15
4319	4
4320	4
4321	6
4322	9
4323	5
4324	47
4325	28
4326	17
4327	50
4328	25
4329	11
4330	27
4331	40
4332	44
4333	41
4334	17
4335	7
4336	36
4337	37
4338	30
4339	34
4340	31
4341	25
4342	8
4343	49
4344	16
4345	10
4346	34
4347	3
4348	4
4349	16
4350	48
4351	19
4352	12
4353	12
4354	22
4355	2
4356	31
4357	0
4358	4
4359	29
4360	50
4361	21
4362	23
4363	48
4364	34
4365	48
4366	7
4367	22
4368	28
4369	14
4370	5
4371	39
4372	24
4373	32
4374	5
4375	1
4376	46
4377	49
4378	45
4379	40
4380	19
4381	35
4382	35
4383	11
4384	30
4385	20
4386	34
4387	45
4388	6
4389	31
4390	27
4391	9
4392	28
4393	3
4394	39
4395	8
4396	19
4397	42
4398	15
4399	34
4400	6
4401	20
4402	28
4403	41
4404	19
4405	5
4406	41
4407	1
4408	28
4409	28
4410	17
4411	22
4412	30
4413	38
4414	25
4415	10
4416	0
4417	1
4418	31
4419	50
4420	21
4421	31
4422	29
4423	10
4424	1
4425	6
4426	6
4427	12
4428	44
4429	27
4430	35
4431	3
4432	48
4433	1
4434	45
4435	1
4436	27
4437	27
4438	0
4439	14
4440	43
4441	14
4442	12
4443	26
4444	10
4445	46
4446	11
4447	42
4448	15
4449	31
4450	6
4451	19
4452	32
4453	5
4454	36
4455	10
4456	31
4457	9
4458	45
4459	37
4460	14
4461	40
4462	45
4463	37
4464	31
4465	41
4466	30
4467	50
4468	22
4469	1
4470	41
4471	23
4472	46
4473	7
4474	48
4475	18
4476	37
4477	23
4478	2
4479	45
4480	36
4481	31
4482	27
4483	50
4484	14
4485	15
4486	43
4487	34
4488	39
4489	25
4490	5
4491	11
4492	15
4493	15
4494	9
4495	22
4496	1
4497	17
4498	45
4499	19
4500	50
4501	50
4502	43
4503	1
4504	30
4505	36
4506	8
4507	25
4508	3
4509	27
4510	4
4511	43
4512	4
4513	49
4514	6
4515	27
4516	3
4517	13
4518	42
4519	8
4520	11
4521	47
4522	41
4523	12
4524	6
4525	46
4526	17
4527	16
4528	37
4529	24
4530	40
4531	12
4532	45
4533	26
4534	8
4535	10
4536	0
4537	34
4538	42
4539	3
4540	45
4541	39
4542	37
4543	9
4544	37
4545	18
4546	15
4547	45
4548	42
4549	0
4550	46
4551	26
4552	11
4553	20
4554	40
4555	45
4556	0
4557	29
4558	44
4559	8
4560	27
4561	8
4562	43
4563	37
4564	3
4565	48
4566	33
4567	41
4568	42
4569	19
4570	7
4571	44
4572	11
4573	45
4574	7
4575	46
4576	18
4577	24
4578	37
4579	2
4580	2
4581	28
4582	3
4583	33
4584	1
4585	5
4586	22
4587	36
4588	30
4589	21
4590	42
4591	36
4592	8
4593	4
4594	3
4595	23
4596	45
4597	43
4598	20
4599	19
4600	2
4601	12
4602	45
4603	11
4604	40
4605	26
4606	28
4607	49
4608	2
4609	1
4610	22
4611	47
4612	50
4613	20
4614	40
4615	16
4616	13
4617	50
4618	14
4619	26
4620	15
4621	41
4622	25
4623	13
4624	5
4625	38
4626	11
4627	1
4628	42
4629	16
4630	19
4631	15
4632	22
4633	12
4634	50
4635	9
4636	41
4637	0
4638	21
4639	24
4640	26
4641	19
4642	19
4643	1
4644	43
4645	49
4646	42
4647	2
4648	46
4649	21
4650	10
4651	49
4652	35
4653	18
4654	28
4655	13
4656	11
4657	8
4658	15
4659	17
4660	1
4661	25
4662	0
4663	23
4664	6
4665	6
4666	46
4667	21
4668	50
4669	32
4670	8
4671	6
4672	21
4673	48
4674	39
4675	10
4676	8
4677	6
4678	8
4679	21
4680	16
4681	37
4682	39
4683	24
4684	11
4685	39
4686	16
4687	8
4688	19
4689	41
4690	16
4691	30
4692	10
4693	46
4694	29
4695	2
4696	42
4697	19
4698	47
4699	38
4700	40
4701	16
4702	33
4703	19
4704	25
4705	43
4706	0
4707	7
4708	3
4709	22
4710	33
4711	38
4712	27
4713	6
4714	10
4715	36
4716	50
4717	23
4718	24
4719	13
4720	44
4721	17
4722	32
4723	4
4724	44
4725	8
4726	19
4727	9
4728	46
4729	8
4730	13
4731	18
4732	36
4733	39
4734	44
4735	11
4736	3
4737	18
4738	14
4739	36
4740	5
4741	29
4742	10
4743	14
4744	23
4745	45
4746	26
4747	2
4748	12
4749	5
4750	49
4751	17
4752	43
4753	32
4754	46
4755	19
4756	44
4757	11
4758	31
4759	50
4760	1
4761	4
4762	18
4763	11
4764	47
4765	28
4766	10
4767	7
4768	3
4769	33
4770	43
4771	2
4772	39
4773	21
4774	1
4775	9
4776	40
4777	37
4778	20
4779	35
4780	38
4781	16
4782	25
4783	48
4784	43
4785	36
4786	30
4787	23
4788	39
4789	9
4790	14
4791	35
4792	1
4793	3
4794	40
4795	12
4796	36
4797	34
4798	0
4799	43
4800	38
4801	0
4802	1
4803	43
4804	45
4805	23
4806	7
4807	8
4808	22
4809	35
4810	28
4811	38
4812	3
4813	38
4814	13
4815	41
4816	41
4817	14
4818	42
4819	0
4820	48
4821	40
4822	26
4823	42
4824	39
4825	20
4826	27
4827	32
4828	6
4829	43
4830	2
4831	2
4832	47
4833	50
4834	31
4835	14
4836	0
4837	50
4838	9
4839	32
4840	26
4841	6
4842	48
4843	14
4844	26
4845	38
4846	47
4847	40
4848	24
4849	27
4850	23
4851	24
4852	13
4853	17
4854	13
4855	18
4856	41
4857	15
4858	14
4859	12
4860	49
4861	3
4862	26
4863	6
4864	24
4865	10
4866	13
4867	30
4868	19
4869	4
4870	17
4871	48
4872	24
4873	42
4874	13
4875	50
4876	49
4877	50
4878	49
4879	26
4880	9
4881	50
4882	2
4883	42
4884	38
4885	3
4886	41
4887	50
4888	49
4889	36
4890	23
4891	33
4892	50
4893	48
4894	48
4895	35
4896	35
4897	9
4898	39
4899	14
4900	6
4901	7
4902	15
4903	43
4904	4
4905	20
4906	4
4907	8
4908	25
4909	30
4910	2
4911	18
4912	39
4913	26
4914	18
4915	27
4916	33
4917	46
4918	6
4919	28
4920	31
4921	35
4922	25
4923	13
4924	8
4925	48
4926	36
4927	13
4928	23
4929	24
4930	50
4931	4
4932	46
4933	10
4934	38
4935	35
4936	38
4937	5
4938	0
4939	41
4940	35
4941	29
4942	41
4943	48
4944	28
4945	49
4946	48
4947	49
4948	29
4949	2
4950	7
4951	32
4952	8
4953	20
4954	47
4955	43
4956	5
4957	39
4958	46
4959	41
4960	48
4961	48
4962	37
4963	15
4964	20
4965	22
4966	35
4967	4
4968	13
4969	47
4970	47
4971	15
4972	9
4973	27
4974	11
4975	11
4976	17
4977	42
4978	2
4979	3
4980	28
4981	33
4982	38
4983	48
4984	30
4985	34
4986	17
4987	17
4988	0
4989	49
4990	25
4991	4
4992	5
4993	7
4994	30
4995	36
4996	7
4997	19
4998	32
4999	12
5000	30
5001	16
5002	32
5003	29
5004	27
5005	6
5006	43
5007	17
5008	8
5009	38
5010	43
5011	11
5012	23
5013	29
5014	17
5015	20
5016	33
5017	47
5018	31
5019	44
5020	1
5021	27
5022	26
5023	44
5024	22
5025	38
5026	37
5027	24
5028	18
5029	6
5030	20
5031	25
5032	44
5033	37
5034	14
5035	3
5036	9
5037	38
5038	8
5039	41
5040	39
5041	9
5042	16
5043	23
5044	26
5045	39
5046	4
5047	6
5048	5
5049	35
5050	20
5051	5
5052	41
5053	6
5054	42
5055	41
5056	10
5057	30
5058	18
5059	16
5060	40
5061	15
5062	14
5063	29
5064	18
5065	29
5066	37
5067	34
5068	47
5069	2
5070	25
5071	48
5072	46
5073	26
5074	9
5075	16
5076	28
5077	37
5078	16
5079	42
5080	42
5081	49
5082	32
5083	27
5084	48
5085	45
5086	8
5087	20
5088	49
5089	4
5090	13
5091	27
5092	35
5093	26
5094	17
5095	45
5096	9
5097	12
5098	2
5099	47
5100	39
5101	13
5102	17
5103	28
5104	12
5105	42
5106	34
5107	9
5108	16
5109	8
5110	12
5111	4
5112	46
5113	22
5114	42
5115	41
5116	6
5117	42
5118	2
5119	47
5120	38
5121	48
5122	35
5123	11
5124	9
5125	40
5126	39
5127	28
5128	6
5129	11
5130	23
5131	10
5132	42
5133	44
5134	16
5135	34
5136	10
5137	34
5138	38
5139	8
5140	12
5141	3
5142	47
5143	49
5144	22
5145	34
5146	35
5147	4
5148	48
5149	12
5150	3
5151	13
5152	47
5153	49
5154	24
5155	17
5156	35
5157	37
5158	12
5159	46
5160	20
5161	8
5162	11
5163	42
5164	46
5165	31
5166	8
5167	10
5168	42
5169	37
5170	48
5171	25
5172	9
5173	7
5174	22
5175	27
5176	50
5177	31
5178	49
5179	48
5180	18
5181	17
5182	26
5183	32
5184	13
5185	21
5186	44
5187	14
5188	50
5189	4
5190	14
5191	42
5192	45
5193	5
5194	45
5195	31
5196	47
5197	47
5198	34
5199	47
5200	1
5201	2
5202	2
5203	45
5204	28
5205	6
5206	10
5207	2
5208	21
5209	10
5210	28
5211	15
5212	39
5213	29
5214	27
5215	27
5216	23
5217	11
5218	2
5219	21
5220	6
5221	0
5222	9
5223	49
5224	8
5225	25
5226	34
5227	11
5228	11
5229	37
5230	15
5231	50
5232	30
5233	1
5234	2
5235	31
5236	21
5237	4
5238	45
5239	49
5240	47
5241	40
5242	13
5243	0
5244	21
5245	2
5246	30
5247	24
5248	45
5249	50
5250	6
5251	21
5252	4
5253	34
5254	28
5255	49
5256	7
5257	43
5258	24
5259	18
5260	39
5261	22
5262	30
5263	49
5264	49
5265	23
5266	9
5267	19
5268	29
5269	11
5270	2
5271	5
5272	14
5273	47
5274	50
5275	50
5276	32
5277	24
5278	41
5279	30
5280	28
5281	15
5282	48
5283	50
5284	50
5285	39
5286	50
5287	27
5288	20
5289	37
5290	2
5291	20
5292	37
5293	26
5294	1
5295	25
5296	44
5297	6
5298	11
5299	18
5300	30
5301	39
5302	30
5303	4
5304	0
5305	36
5306	8
5307	19
5308	26
5309	8
5310	35
5311	28
5312	23
5313	4
5314	24
5315	24
5316	44
5317	0
5318	37
5319	12
5320	6
5321	7
5322	8
5323	3
5324	23
5325	14
5326	15
5327	32
5328	37
5329	28
5330	10
5331	5
5332	41
5333	50
5334	12
5335	30
5336	3
5337	4
5338	5
5339	37
5340	37
5341	19
5342	50
5343	8
5344	39
5345	20
5346	37
5347	0
5348	11
5349	28
5350	1
5351	16
5352	10
5353	5
5354	41
5355	10
5356	48
5357	44
5358	5
5359	45
5360	3
5361	9
5362	10
5363	10
5364	45
5365	5
5366	4
5367	15
5368	35
5369	47
5370	34
5371	39
5372	18
5373	32
5374	17
5375	36
5376	19
5377	3
5378	41
5379	19
5380	8
5381	50
5382	5
5383	16
5384	6
5385	33
5386	10
5387	33
5388	14
5389	15
5390	11
5391	4
5392	31
5393	35
5394	0
5395	32
5396	17
5397	45
5398	0
5399	21
5400	30
5401	32
5402	50
5403	17
5404	23
5405	22
5406	40
5407	12
5408	3
5409	4
5410	36
5411	45
5412	44
5413	42
5414	16
5415	33
5416	16
5417	12
5418	23
5419	13
5420	28
5421	15
5422	33
5423	30
5424	28
5425	13
5426	40
5427	15
5428	31
5429	44
5430	43
5431	10
5432	0
5433	16
5434	36
5435	2
5436	0
5437	16
5438	24
5439	32
5440	50
5441	3
5442	28
5443	13
5444	7
5445	10
5446	8
5447	39
5448	46
5449	13
5450	6
5451	20
5452	4
5453	1
5454	42
5455	25
5456	22
5457	20
5458	35
5459	29
5460	25
5461	11
5462	25
5463	35
5464	17
5465	0
5466	49
5467	34
5468	47
5469	8
5470	45
5471	13
5472	38
5473	45
5474	45
5475	41
5476	4
5477	48
5478	28
5479	13
5480	24
5481	44
5482	38
5483	28
5484	39
5485	47
5486	21
5487	3
5488	40
5489	11
5490	34
5491	43
5492	45
5493	2
5494	37
5495	35
5496	18
5497	30
5498	8
5499	10
5500	44
5501	13
5502	37
5503	35
5504	36
5505	14
5506	27
5507	2
5508	30
5509	5
5510	48
5511	36
5512	9
5513	25
5514	23
5515	3
5516	30
5517	10
5518	17
5519	4
5520	6
5521	33
5522	23
5523	0
5524	34
5525	37
5526	10
5527	38
5528	25
5529	11
5530	5
5531	36
5532	9
5533	35
5534	44
5535	31
5536	44
5537	17
5538	43
5539	31
5540	50
5541	23
5542	31
5543	21
5544	35
5545	9
5546	5
5547	43
5548	1
5549	17
5550	46
5551	29
5552	8
5553	22
5554	45
5555	23
5556	31
5557	20
5558	41
5559	35
5560	14
5561	15
5562	29
5563	16
5564	29
5565	38
5566	49
5567	44
5568	25
5569	17
5570	9
5571	21
5572	17
5573	14
5574	35
5575	42
5576	44
5577	49
5578	45
5579	10
5580	22
5581	49
5582	27
5583	29
5584	10
5585	29
5586	16
5587	2
5588	15
5589	48
5590	43
5591	34
5592	25
5593	39
5594	18
5595	13
5596	23
5597	24
5598	21
5599	15
5600	36
5601	41
5602	47
5603	9
5604	6
5605	13
5606	9
5607	4
5608	13
5609	49
5610	48
5611	19
5612	12
5613	11
5614	4
5615	48
5616	2
5617	40
5618	17
5619	17
5620	29
5621	5
5622	35
5623	37
5624	1
5625	23
5626	44
5627	38
5628	37
5629	30
5630	39
5631	21
5632	17
5633	42
5634	6
5635	8
5636	21
5637	34
5638	40
5639	1
5640	9
5641	0
5642	37
5643	45
5644	5
5645	48
5646	48
5647	28
5648	39
5649	10
5650	31
5651	31
5652	45
5653	11
5654	4
5655	40
5656	42
5657	36
5658	1
5659	3
5660	9
5661	12
5662	30
5663	27
5664	5
5665	38
5666	48
5667	34
5668	34
5669	38
5670	5
5671	42
5672	45
5673	5
5674	46
5675	23
5676	14
5677	41
5678	34
5679	43
5680	31
5681	46
5682	25
5683	11
5684	4
5685	24
5686	39
5687	32
5688	17
5689	35
5690	20
5691	26
5692	11
5693	23
5694	19
5695	14
5696	35
5697	34
5698	19
5699	7
5700	19
5701	44
5702	2
5703	9
5704	34
5705	11
5706	43
5707	7
5708	16
5709	38
5710	28
5711	9
5712	18
5713	50
5714	12
5715	3
5716	9
5717	39
5718	42
5719	18
5720	17
5721	22
5722	7
5723	28
5724	17
5725	28
5726	12
5727	22
5728	24
5729	18
5730	16
5731	35
5732	26
5733	6
5734	18
5735	35
5736	9
5737	6
5738	10
5739	34
5740	1
5741	12
5742	43
5743	35
5744	48
5745	21
5746	6
5747	38
5748	41
5749	45
5750	34
5751	5
5752	0
5753	23
5754	39
5755	8
5756	6
5757	47
5758	37
5759	21
5760	22
5761	46
5762	37
5763	1
5764	28
5765	30
5766	15
5767	35
5768	29
5769	28
5770	34
5771	19
5772	15
5773	1
5774	36
5775	43
5776	40
5777	13
5778	37
5779	46
5780	15
5781	33
5782	38
5783	8
5784	14
5785	38
5786	32
5787	9
5788	2
5789	8
5790	10
5791	38
5792	16
5793	41
5794	13
5795	12
5796	44
5797	0
5798	15
5799	46
5800	24
5801	34
5802	30
5803	49
5804	37
5805	32
5806	15
5807	0
5808	30
5809	15
5810	38
5811	42
5812	38
5813	38
5814	48
5815	33
5816	23
5817	46
5818	26
5819	14
5820	7
5821	7
5822	5
5823	9
5824	8
5825	29
5826	0
5827	49
5828	13
5829	32
5830	47
5831	26
5832	47
5833	33
5834	34
5835	50
5836	10
5837	12
5838	29
5839	28
5840	4
5841	10
5842	18
5843	26
5844	5
5845	50
5846	48
5847	40
5848	8
5849	38
5850	43
5851	39
5852	36
5853	12
5854	31
5855	37
5856	18
5857	18
5858	4
5859	49
5860	26
5861	1
5862	30
5863	47
5864	43
5865	23
5866	2
5867	20
5868	46
5869	14
5870	11
5871	19
5872	36
5873	28
5874	32
5875	8
5876	36
5877	35
5878	44
5879	18
5880	50
5881	49
5882	0
5883	40
5884	34
5885	4
5886	49
5887	3
5888	33
5889	4
5890	5
5891	24
5892	21
5893	29
5894	42
5895	16
5896	29
5897	19
5898	8
5899	33
5900	34
5901	47
5902	12
5903	46
5904	5
5905	31
5906	47
5907	25
5908	1
5909	34
5910	50
5911	39
5912	34
5913	43
5914	42
5915	0
5916	39
5917	21
5918	37
5919	41
5920	40
5921	44
5922	27
5923	26
5924	40
5925	9
5926	21
5927	17
5928	27
5929	19
5930	11
5931	47
5932	35
5933	21
5934	45
5935	49
5936	28
5937	15
5938	33
5939	23
5940	49
5941	45
5942	1
5943	0
5944	8
5945	16
5946	29
5947	10
5948	6
5949	2
5950	10
5951	7
5952	49
5953	28
5954	6
5955	50
5956	34
5957	29
5958	38
5959	39
5960	16
5961	47
5962	7
5963	29
5964	13
5965	50
5966	13
5967	46
5968	14
5969	0
5970	36
5971	15
5972	8
5973	27
5974	14
5975	32
5976	16
5977	20
5978	43
5979	23
5980	27
5981	0
5982	37
5983	30
5984	31
5985	34
5986	40
5987	44
5988	50
5989	33
5990	28
5991	7
5992	10
5993	50
5994	30
5995	43
5996	46
5997	24
5998	24
5999	16
6000	34
6001	48
6002	42
6003	5
6004	32
6005	19
6006	22
6007	5
6008	49
6009	23
6010	19
6011	39
6012	42
6013	33
6014	21
6015	12
6016	32
6017	17
6018	34
6019	5
6020	44
6021	44
6022	37
6023	16
6024	16
6025	30
6026	15
6027	35
6028	22
6029	14
6030	0
6031	43
6032	25
6033	0
6034	24
6035	38
6036	27
6037	19
6038	19
6039	22
6040	33
6041	49
6042	41
6043	6
6044	47
6045	15
6046	20
6047	49
6048	29
6049	2
6050	44
6051	46
6052	9
6053	12
6054	44
6055	50
6056	15
6057	13
6058	45
6059	50
6060	37
6061	7
6062	18
6063	49
6064	38
6065	16
6066	25
6067	22
6068	12
6069	32
6070	1
6071	20
6072	2
6073	48
6074	42
6075	49
6076	41
6077	31
6078	22
6079	22
6080	4
6081	7
6082	13
6083	19
6084	49
6085	11
6086	7
6087	19
6088	15
6089	21
6090	19
6091	4
6092	15
6093	13
6094	4
6095	46
6096	15
6097	17
6098	48
6099	36
6100	1
6101	41
6102	11
6103	16
6104	45
6105	44
6106	18
6107	33
6108	50
6109	22
6110	33
6111	49
6112	46
6113	42
6114	8
6115	16
6116	29
6117	15
6118	21
6119	12
6120	1
6121	34
6122	49
6123	39
6124	40
6125	11
6126	43
6127	26
6128	0
6129	24
6130	30
6131	10
6132	22
6133	49
6134	14
6135	34
6136	24
6137	50
6138	45
6139	8
6140	17
6141	12
6142	44
6143	23
6144	26
6145	40
6146	46
6147	31
6148	21
6149	31
6150	16
6151	46
6152	38
6153	36
6154	13
6155	30
6156	25
6157	12
6158	7
6159	30
6160	43
6161	50
6162	29
6163	7
6164	40
6165	18
6166	6
6167	29
6168	27
6169	39
6170	17
6171	8
6172	14
6173	8
6174	45
6175	18
6176	26
6177	42
6178	13
6179	1
6180	1
6181	21
6182	35
6183	11
6184	28
6185	31
6186	1
6187	16
6188	31
6189	40
6190	43
6191	41
6192	11
6193	34
6194	29
6195	22
6196	43
6197	6
6198	27
6199	8
6200	50
6201	46
6202	10
6203	11
6204	4
6205	35
6206	36
6207	28
6208	22
6209	13
6210	21
6211	13
6212	14
6213	35
6214	8
6215	45
6216	16
6217	48
6218	40
6219	44
6220	44
6221	23
6222	12
6223	47
6224	24
6225	48
6226	40
6227	20
6228	11
6229	49
6230	17
6231	4
6232	50
6233	14
6234	23
6235	42
6236	8
6237	48
6238	36
6239	8
6240	50
6241	33
6242	10
6243	32
6244	1
6245	19
6246	8
6247	45
6248	18
6249	25
6250	47
6251	38
6252	9
6253	27
6254	21
6255	31
6256	47
6257	46
6258	35
6259	0
6260	29
6261	34
6262	40
6263	0
6264	19
6265	17
6266	32
6267	12
6268	6
6269	32
6270	18
6271	13
6272	3
6273	49
6274	32
6275	12
6276	15
6277	1
6278	40
6279	19
6280	8
6281	45
6282	10
6283	5
6284	39
6285	39
6286	1
6287	9
6288	36
6289	5
6290	37
6291	33
6292	16
6293	43
6294	46
6295	4
6296	42
6297	2
6298	34
6299	28
6300	6
6301	11
6302	3
6303	8
6304	11
6305	8
6306	28
6307	13
6308	28
6309	45
6310	35
6311	10
6312	6
6313	36
6314	11
6315	42
6316	46
6317	31
6318	14
6319	13
6320	29
6321	5
6322	21
6323	42
6324	29
6325	34
6326	27
6327	6
6328	30
6329	27
6330	50
6331	26
6332	49
6333	49
6334	11
6335	27
6336	42
6337	39
6338	22
6339	50
6340	6
6341	28
6342	3
6343	24
6344	2
6345	5
6346	20
6347	47
6348	22
6349	5
6350	45
6351	48
6352	30
6353	25
6354	29
6355	22
6356	12
6357	32
6358	6
6359	10
6360	12
6361	33
6362	41
6363	46
6364	23
6365	1
6366	5
6367	46
6368	0
6369	1
6370	17
6371	21
6372	30
6373	10
6374	18
6375	29
6376	33
6377	9
6378	1
6379	8
6380	8
6381	13
6382	24
6383	11
6384	38
6385	47
6386	42
6387	30
6388	13
6389	0
6390	46
6391	25
6392	30
6393	7
6394	36
6395	20
6396	11
6397	36
6398	4
6399	17
6400	46
6401	6
6402	20
6403	0
6404	42
6405	2
6406	1
6407	9
6408	14
6409	29
6410	27
6411	15
6412	32
6413	45
6414	35
6415	1
6416	5
6417	35
6418	40
6419	21
6420	10
6421	17
6422	43
6423	30
6424	42
6425	14
6426	34
6427	30
6428	5
6429	27
6430	20
6431	21
6432	17
6433	0
6434	4
6435	14
6436	40
6437	6
6438	32
6439	0
6440	35
6441	33
6442	24
6443	17
6444	18
6445	9
6446	34
6447	40
6448	16
6449	43
6450	1
6451	34
6452	19
6453	43
6454	20
6455	24
6456	25
6457	8
6458	26
6459	21
6460	25
6461	22
6462	25
6463	35
6464	0
6465	4
6466	10
6467	15
6468	2
6469	9
6470	9
6471	7
6472	16
6473	11
6474	49
6475	48
6476	49
6477	35
6478	3
6479	12
6480	16
6481	5
6482	36
6483	31
6484	16
6485	26
6486	13
6487	1
6488	29
6489	28
6490	14
6491	23
6492	22
6493	46
6494	16
6495	45
6496	47
6497	6
6498	47
6499	30
6500	25
6501	29
6502	17
6503	1
6504	15
6505	30
6506	3
6507	42
6508	44
6509	22
6510	13
6511	36
6512	42
6513	33
6514	16
6515	40
6516	6
6517	17
6518	21
6519	2
6520	31
6521	39
6522	21
6523	31
6524	39
6525	38
6526	48
6527	12
6528	47
6529	27
6530	39
6531	18
6532	46
6533	19
6534	41
6535	1
6536	47
6537	18
6538	42
6539	20
6540	24
6541	10
6542	0
6543	47
6544	45
6545	12
6546	29
6547	46
6548	18
6549	30
6550	29
6551	26
6552	31
6553	5
6554	5
6555	15
6556	36
6557	19
6558	0
6559	40
6560	24
6561	19
6562	35
6563	40
6564	1
6565	11
6566	8
6567	37
6568	27
6569	9
6570	28
6571	17
6572	0
6573	47
6574	47
6575	47
6576	35
6577	40
6578	8
6579	34
6580	3
6581	17
6582	37
6583	25
6584	48
6585	14
6586	34
6587	19
6588	47
6589	26
6590	16
6591	19
6592	27
6593	48
6594	20
6595	29
6596	22
6597	28
6598	48
6599	21
6600	38
6601	35
6602	9
6603	26
6604	1
6605	28
6606	32
6607	29
6608	6
6609	28
6610	50
6611	2
6612	5
6613	20
6614	27
6615	8
6616	9
6617	0
6618	33
6619	4
6620	10
6621	19
6622	43
6623	44
6624	30
6625	19
6626	12
6627	34
6628	10
6629	24
6630	39
6631	28
6632	48
6633	37
6634	29
6635	28
6636	50
6637	27
6638	23
6639	20
6640	42
6641	31
6642	38
6643	14
6644	31
6645	40
6646	35
6647	46
6648	17
6649	44
6650	20
6651	2
6652	24
6653	5
6654	25
6655	47
6656	33
6657	29
6658	15
6659	32
6660	26
6661	28
6662	43
6663	12
6664	21
6665	23
6666	47
6667	17
6668	35
6669	9
6670	38
6671	40
6672	43
6673	8
6674	24
6675	6
6676	3
6677	37
6678	17
6679	25
6680	44
6681	0
6682	17
6683	36
6684	21
6685	49
6686	15
6687	22
6688	50
6689	10
6690	20
6691	1
6692	11
6693	29
6694	33
6695	30
6696	36
6697	28
6698	45
6699	5
6700	48
6701	46
6702	45
6703	18
6704	49
6705	9
6706	43
6707	15
6708	26
6709	19
6710	21
6711	42
6712	15
6713	14
6714	14
6715	11
6716	13
6717	35
6718	1
6719	16
6720	23
6721	24
6722	3
6723	5
6724	37
6725	2
6726	5
6727	9
6728	9
6729	28
6730	39
6731	13
6732	41
6733	6
6734	30
6735	32
6736	11
6737	18
6738	42
6739	20
6740	34
6741	6
6742	49
6743	31
6744	4
6745	21
6746	45
6747	11
6748	14
6749	8
6750	11
6751	17
6752	40
6753	14
6754	20
6755	28
6756	19
6757	45
6758	29
6759	47
6760	0
6761	28
6762	9
6763	26
6764	10
6765	39
6766	6
6767	11
6768	26
6769	30
6770	36
6771	1
6772	36
6773	1
6774	10
6775	7
6776	0
6777	19
6778	17
6779	1
6780	3
6781	32
6782	2
6783	43
6784	50
6785	8
6786	7
6787	13
6788	36
6789	18
6790	22
6791	11
6792	16
6793	2
6794	36
6795	13
6796	30
6797	16
6798	29
6799	37
6800	15
6801	6
6802	37
6803	50
6804	12
6805	2
6806	35
6807	18
6808	46
6809	6
6810	7
6811	26
6812	49
6813	23
6814	20
6815	9
6816	45
6817	50
6818	7
6819	25
6820	40
6821	31
6822	11
6823	41
6824	26
6825	7
6826	39
6827	12
6828	14
6829	44
6830	29
6831	35
6832	45
6833	35
6834	41
6835	24
6836	35
6837	29
6838	38
6839	7
6840	13
6841	16
6842	39
6843	10
6844	0
6845	15
6846	26
6847	30
6848	43
6849	43
6850	27
6851	11
6852	17
6853	10
6854	34
6855	12
6856	44
6857	44
6858	14
6859	21
6860	5
6861	49
6862	20
6863	18
6864	31
6865	31
6866	50
6867	36
6868	35
6869	39
6870	48
6871	17
6872	8
6873	5
6874	47
6875	22
6876	23
6877	45
6878	12
6879	21
6880	15
6881	10
6882	41
6883	42
6884	41
6885	5
6886	33
6887	8
6888	47
6889	19
6890	42
6891	8
6892	24
6893	10
6894	19
6895	11
6896	14
6897	34
6898	12
6899	25
6900	6
6901	45
6902	32
6903	44
6904	38
6905	28
6906	20
6907	19
6908	43
6909	19
6910	25
6911	24
6912	30
6913	22
6914	38
6915	22
6916	43
6917	20
6918	25
6919	4
6920	35
6921	35
6922	31
6923	17
6924	49
6925	22
6926	28
6927	30
6928	46
6929	31
6930	5
6931	18
6932	22
6933	29
6934	47
6935	40
6936	25
6937	13
6938	2
6939	33
6940	26
6941	27
6942	30
6943	47
6944	21
6945	11
6946	29
6947	1
6948	6
6949	6
6950	37
6951	42
6952	42
6953	34
6954	49
6955	17
6956	45
6957	43
6958	45
6959	50
6960	44
6961	35
6962	13
6963	16
6964	27
6965	26
6966	33
6967	10
6968	7
6969	23
6970	19
6971	25
6972	14
6973	18
6974	21
6975	26
6976	49
6977	28
6978	37
6979	8
6980	2
6981	7
6982	6
6983	21
6984	37
6985	17
6986	13
6987	28
6988	9
6989	46
6990	9
6991	20
6992	38
6993	3
6994	16
6995	25
6996	16
6997	29
6998	16
6999	9
7000	47
7001	1
7002	11
7003	46
7004	19
7005	25
7006	48
7007	45
7008	8
7009	49
7010	38
7011	50
7012	3
7013	48
7014	48
7015	31
7016	1
7017	4
7018	20
7019	26
7020	45
7021	5
7022	48
7023	17
7024	7
7025	26
7026	31
7027	33
7028	31
7029	39
7030	38
7031	36
7032	48
7033	13
7034	21
7035	6
7036	16
7037	11
7038	14
7039	5
7040	30
7041	17
7042	25
7043	11
7044	34
7045	34
7046	49
7047	22
7048	19
7049	1
7050	24
7051	33
7052	43
7053	46
7054	20
7055	38
7056	12
7057	49
7058	12
7059	40
7060	16
7061	13
7062	15
7063	9
7064	20
7065	14
7066	6
7067	20
7068	2
7069	45
7070	33
7071	6
7072	31
7073	10
7074	18
7075	1
7076	9
7077	0
7078	49
7079	39
7080	3
7081	28
7082	40
7083	13
7084	41
7085	27
7086	19
7087	11
7088	28
7089	34
7090	14
7091	11
7092	37
7093	15
7094	26
7095	0
7096	11
7097	12
7098	44
7099	8
7100	49
7101	10
7102	5
7103	11
7104	42
7105	20
7106	7
7107	35
7108	32
7109	10
7110	36
7111	34
7112	20
7113	13
7114	47
7115	11
7116	48
7117	12
7118	15
7119	22
7120	7
7121	28
7122	16
7123	2
7124	3
7125	47
7126	19
7127	35
7128	8
7129	29
7130	28
7131	32
7132	25
7133	24
7134	29
7135	11
7136	6
7137	22
7138	46
7139	34
7140	42
7141	15
7142	33
7143	27
7144	27
7145	23
7146	5
7147	35
7148	45
7149	31
7150	16
7151	45
7152	16
7153	46
7154	37
7155	22
7156	43
7157	17
7158	32
7159	10
7160	13
7161	28
7162	49
7163	5
7164	31
7165	13
7166	18
7167	25
7168	19
7169	32
7170	15
7171	34
7172	21
7173	34
7174	4
7175	12
7176	36
7177	47
7178	36
7179	0
7180	28
7181	0
7182	47
7183	13
7184	33
7185	23
7186	19
7187	13
7188	29
7189	21
7190	26
7191	43
7192	42
7193	23
7194	11
7195	31
7196	36
7197	4
7198	45
7199	13
7200	41
7201	5
7202	14
7203	22
7204	6
7205	18
7206	4
7207	7
7208	42
7209	39
7210	38
7211	8
7212	21
7213	38
7214	50
7215	35
7216	12
7217	47
7218	13
7219	13
7220	21
7221	7
7222	0
7223	4
7224	41
7225	37
7226	33
7227	20
7228	1
7229	10
7230	49
7231	29
7232	0
7233	26
7234	11
7235	49
7236	13
7237	39
7238	34
7239	32
7240	50
7241	31
7242	50
7243	4
7244	50
7245	22
7246	42
7247	22
7248	25
7249	30
7250	13
7251	20
7252	36
7253	12
7254	14
7255	18
7256	23
7257	11
7258	50
7259	5
7260	30
7261	45
7262	49
7263	22
7264	10
7265	27
7266	44
7267	8
7268	29
7269	12
7270	18
7271	33
7272	48
7273	0
7274	2
7275	44
7276	33
7277	23
7278	12
7279	4
7280	21
7281	44
7282	43
7283	18
7284	32
7285	20
7286	3
7287	11
7288	25
7289	3
7290	3
7291	45
7292	29
7293	18
7294	48
7295	11
7296	4
7297	43
7298	39
7299	47
7300	3
7301	44
7302	47
7303	44
7304	24
7305	16
7306	41
7307	14
7308	41
7309	15
7310	9
7311	44
7312	42
7313	36
7314	46
7315	24
7316	43
7317	31
7318	1
7319	22
7320	43
7321	40
7322	42
7323	16
7324	46
7325	12
7326	9
7327	4
7328	2
7329	41
7330	34
7331	21
7332	29
7333	21
7334	45
7335	33
7336	11
7337	19
7338	35
7339	29
7340	36
7341	13
7342	2
7343	10
7344	50
7345	13
7346	45
7347	33
7348	26
7349	6
7350	29
7351	30
7352	35
7353	8
7354	24
7355	43
7356	43
7357	29
7358	18
7359	32
7360	46
7361	35
7362	27
7363	6
7364	17
7365	2
7366	31
7367	47
7368	14
7369	26
7370	31
7371	14
7372	1
7373	7
7374	2
7375	6
7376	12
7377	34
7378	49
7379	47
7380	36
7381	8
7382	14
7383	31
7384	15
7385	50
7386	43
7387	8
7388	49
7389	50
7390	7
7391	31
7392	15
7393	25
7394	31
7395	6
7396	20
7397	36
7398	7
7399	4
7400	12
7401	23
7402	30
7403	12
7404	45
7405	12
7406	29
7407	6
7408	40
7409	12
7410	16
7411	23
7412	1
7413	21
7414	38
7415	18
7416	33
7417	40
7418	35
7419	31
7420	32
7421	15
7422	44
7423	8
7424	14
7425	45
7426	41
7427	48
7428	23
7429	7
7430	37
7431	4
7432	9
7433	39
7434	20
7435	18
7436	10
7437	23
7438	40
7439	45
7440	9
7441	50
7442	41
7443	42
7444	31
7445	38
7446	7
7447	48
7448	31
7449	48
7450	10
7451	4
7452	40
7453	38
7454	5
7455	40
7456	29
7457	41
7458	25
7459	46
7460	39
7461	40
7462	6
7463	22
7464	4
7465	26
7466	41
7467	31
7468	3
7469	48
7470	4
7471	37
7472	42
7473	8
7474	15
7475	7
7476	40
7477	12
7478	49
7479	6
7480	6
7481	35
7482	28
7483	15
7484	37
7485	1
7486	34
7487	44
7488	12
7489	26
7490	50
7491	35
7492	34
7493	27
7494	39
7495	24
7496	15
7497	26
7498	0
7499	25
7500	18
7501	28
7502	49
7503	35
7504	21
7505	9
7506	48
7507	2
7508	7
7509	38
7510	48
7511	47
7512	10
7513	46
7514	16
7515	41
7516	10
7517	38
7518	24
7519	13
7520	32
7521	5
7522	41
7523	28
7524	50
7525	47
7526	40
7527	7
7528	31
7529	8
7530	34
7531	48
7532	7
7533	6
7534	28
7535	16
7536	33
7537	14
7538	35
7539	8
7540	50
7541	23
7542	49
7543	49
7544	44
7545	20
7546	26
7547	21
7548	34
7549	15
7550	21
7551	45
7552	10
7553	21
7554	11
7555	25
7556	44
7557	32
7558	36
7559	1
7560	19
7561	12
7562	18
7563	12
7564	0
7565	22
7566	34
7567	13
7568	30
7569	20
7570	45
7571	35
7572	23
7573	38
7574	25
7575	28
7576	38
7577	31
7578	24
7579	40
7580	36
7581	35
7582	6
7583	0
7584	6
7585	37
7586	23
7587	19
7588	7
7589	27
7590	19
7591	24
7592	19
7593	25
7594	10
7595	1
7596	1
7597	41
7598	25
7599	48
7600	35
7601	30
7602	1
7603	11
7604	41
7605	47
7606	39
7607	30
7608	36
7609	46
7610	27
7611	12
7612	41
7613	35
7614	18
7615	43
7616	18
7617	17
7618	22
7619	20
7620	40
7621	0
7622	50
7623	21
7624	29
7625	44
7626	42
7627	5
7628	16
7629	18
7630	7
7631	29
7632	46
7633	43
7634	46
7635	23
7636	14
7637	17
7638	35
7639	31
7640	15
7641	0
7642	43
7643	29
7644	50
7645	25
7646	18
7647	43
7648	5
7649	29
7650	9
7651	0
7652	0
7653	25
7654	27
7655	3
7656	2
7657	7
7658	7
7659	21
7660	15
7661	16
7662	26
7663	11
7664	25
7665	47
7666	39
7667	2
7668	10
7669	45
7670	17
7671	7
7672	42
7673	45
7674	48
7675	0
7676	35
7677	37
7678	44
7679	33
7680	32
7681	18
7682	9
7683	19
7684	4
7685	21
7686	19
7687	45
7688	28
7689	35
7690	7
7691	22
7692	18
7693	32
7694	18
7695	42
7696	32
7697	24
7698	11
7699	8
7700	26
7701	6
7702	17
7703	18
7704	27
7705	13
7706	15
7707	7
7708	27
7709	42
7710	26
7711	11
7712	37
7713	12
7714	10
7715	34
7716	48
7717	49
7718	1
7719	32
7720	14
7721	25
7722	11
7723	21
7724	48
7725	31
7726	40
7727	5
7728	8
7729	29
7730	49
7731	38
7732	17
7733	10
7734	33
7735	47
7736	6
7737	29
7738	37
7739	48
7740	45
7741	28
7742	38
7743	31
7744	47
7745	43
7746	46
7747	49
7748	27
7749	30
7750	28
7751	19
7752	11
7753	30
7754	13
7755	43
7756	46
7757	0
7758	7
7759	6
7760	5
7761	4
7762	45
7763	9
7764	12
7765	16
7766	45
7767	37
7768	47
7769	32
7770	37
7771	22
7772	10
7773	2
7774	48
7775	40
7776	42
7777	36
7778	2
7779	21
7780	29
7781	49
7782	38
7783	38
7784	46
7785	43
7786	42
7787	22
7788	7
7789	22
7790	5
7791	22
7792	24
7793	31
7794	48
7795	47
7796	44
7797	28
7798	39
7799	40
7800	7
7801	39
7802	20
7803	27
7804	4
7805	37
7806	18
7807	17
7808	0
7809	32
7810	30
7811	38
7812	29
7813	41
7814	46
7815	26
7816	41
7817	38
7818	21
7819	12
7820	15
7821	10
7822	49
7823	46
7824	5
7825	45
7826	36
7827	25
7828	5
7829	7
7830	49
7831	26
7832	1
7833	13
7834	2
7835	20
7836	43
7837	37
7838	19
7839	26
7840	17
7841	15
7842	14
7843	26
7844	40
7845	36
7846	7
7847	31
7848	8
7849	23
7850	41
7851	36
7852	6
7853	20
7854	43
7855	27
7856	17
7857	17
7858	22
7859	6
7860	36
7861	40
7862	30
7863	6
7864	45
7865	18
7866	49
7867	49
7868	18
7869	35
7870	44
7871	41
7872	9
7873	29
7874	40
7875	42
7876	2
7877	19
7878	32
7879	31
7880	5
7881	5
7882	46
7883	43
7884	13
7885	36
7886	23
7887	6
7888	47
7889	23
7890	5
7891	17
7892	49
7893	1
7894	28
7895	33
7896	29
7897	9
7898	48
7899	37
7900	6
7901	22
7902	36
7903	30
7904	13
7905	11
7906	11
7907	47
7908	43
7909	19
7910	48
7911	43
7912	13
7913	37
7914	16
7915	26
7916	25
7917	37
7918	22
7919	11
7920	36
7921	19
7922	6
7923	10
7924	1
7925	1
7926	42
7927	1
7928	3
7929	6
7930	44
7931	44
7932	7
7933	15
7934	50
7935	25
7936	20
7937	29
7938	31
7939	16
7940	32
7941	40
7942	46
7943	6
7944	48
7945	43
7946	43
7947	21
7948	44
7949	19
7950	35
7951	3
7952	36
7953	29
7954	13
7955	39
7956	24
7957	8
7958	30
7959	11
7960	32
7961	24
7962	49
7963	30
7964	11
7965	30
7966	45
7967	22
7968	21
7969	8
7970	45
7971	37
7972	36
7973	25
7974	34
7975	47
7976	29
7977	50
7978	31
7979	33
7980	7
7981	41
7982	21
7983	40
7984	22
7985	31
7986	14
7987	5
7988	17
7989	28
7990	19
7991	18
7992	17
7993	19
7994	19
7995	2
7996	12
7997	43
7998	25
7999	26
8000	7
8001	0
8002	45
8003	24
8004	14
8005	47
8006	23
8007	18
8008	25
8009	5
8010	26
8011	46
8012	15
8013	17
8014	15
8015	18
8016	48
8017	35
8018	44
8019	19
8020	33
8021	38
8022	24
8023	39
8024	0
8025	30
8026	46
8027	14
8028	25
8029	39
8030	25
8031	31
8032	48
8033	42
8034	13
8035	2
8036	37
8037	4
8038	21
8039	19
8040	47
8041	21
8042	14
8043	32
8044	43
8045	0
8046	1
8047	49
8048	36
8049	9
8050	18
8051	16
8052	47
8053	36
8054	25
8055	17
8056	12
8057	31
8058	15
8059	37
8060	31
8061	47
8062	0
8063	6
8064	46
8065	18
8066	37
8067	19
8068	33
8069	13
8070	2
8071	43
8072	30
8073	36
8074	15
8075	39
8076	3
8077	50
8078	50
8079	38
8080	1
8081	1
8082	5
8083	20
8084	31
8085	25
8086	25
8087	2
8088	37
8089	33
8090	23
8091	29
8092	26
8093	36
8094	37
8095	35
8096	19
8097	2
8098	28
8099	16
8100	0
8101	21
8102	6
8103	29
8104	23
8105	41
8106	50
8107	21
8108	46
8109	50
8110	26
8111	18
8112	27
8113	49
8114	11
8115	17
8116	1
8117	45
8118	24
8119	7
8120	42
8121	24
8122	50
8123	13
8124	6
8125	48
8126	29
8127	40
8128	16
8129	12
8130	50
8131	28
8132	5
8133	34
8134	36
8135	26
8136	20
8137	25
8138	7
8139	39
8140	41
8141	32
8142	2
8143	2
8144	43
8145	46
8146	38
8147	5
8148	39
8149	11
8150	26
8151	28
8152	19
8153	17
8154	1
8155	40
8156	21
8157	16
8158	32
8159	46
8160	18
8161	44
8162	11
8163	12
8164	49
8165	45
8166	23
8167	29
8168	11
8169	39
8170	28
8171	17
8172	50
8173	0
8174	45
8175	37
8176	1
8177	6
8178	46
8179	46
8180	41
8181	48
8182	19
8183	43
8184	48
8185	31
8186	20
8187	50
8188	38
8189	13
8190	41
8191	48
8192	39
8193	10
8194	36
8195	21
8196	9
8197	5
8198	48
8199	25
8200	18
8201	34
8202	46
8203	10
8204	48
8205	19
8206	49
8207	31
8208	48
8209	24
8210	35
8211	38
8212	5
8213	46
8214	39
8215	8
8216	33
8217	39
8218	3
8219	3
8220	23
8221	19
8222	12
8223	35
8224	23
8225	13
8226	6
8227	20
8228	15
8229	7
8230	18
8231	29
8232	49
8233	34
8234	5
8235	13
8236	16
8237	31
8238	49
8239	34
8240	7
8241	35
8242	21
8243	37
8244	2
8245	18
8246	49
8247	31
8248	15
8249	12
8250	21
8251	41
8252	38
8253	13
8254	29
8255	36
8256	4
8257	33
8258	3
8259	50
8260	34
8261	41
8262	29
8263	42
8264	40
8265	28
8266	41
8267	34
8268	12
8269	7
8270	34
8271	44
8272	7
8273	48
8274	43
8275	45
8276	24
8277	11
8278	6
8279	18
8280	41
8281	29
8282	10
8283	43
8284	14
8285	43
8286	8
8287	15
8288	8
8289	12
8290	25
8291	19
8292	32
8293	8
8294	1
8295	4
8296	37
8297	47
8298	8
8299	32
8300	7
8301	46
8302	19
8303	4
8304	49
8305	26
8306	27
8307	18
8308	36
8309	39
8310	49
8311	33
8312	10
8313	17
8314	8
8315	41
8316	32
8317	31
8318	41
8319	28
8320	3
8321	22
8322	28
8323	11
8324	20
8325	11
8326	39
8327	14
8328	24
8329	9
8330	28
8331	37
8332	18
8333	40
8334	19
8335	14
8336	10
8337	23
8338	30
8339	1
8340	4
8341	34
8342	6
8343	16
8344	36
8345	16
8346	16
8347	39
8348	27
8349	30
8350	47
8351	47
8352	18
8353	38
8354	38
8355	9
8356	0
8357	33
8358	46
8359	40
8360	41
8361	42
8362	31
8363	43
8364	42
8365	24
8366	6
8367	49
8368	32
8369	7
8370	48
8371	26
8372	42
8373	29
8374	35
8375	38
8376	50
8377	20
8378	25
8379	2
8380	46
8381	33
8382	30
8383	44
8384	3
8385	10
8386	50
8387	47
8388	14
8389	42
8390	10
8391	19
8392	37
8393	31
8394	33
8395	8
8396	10
8397	15
8398	22
8399	13
8400	17
8401	46
8402	32
8403	50
8404	38
8405	49
8406	37
8407	31
8408	10
8409	17
8410	44
8411	0
8412	49
8413	41
8414	12
8415	43
8416	4
8417	20
8418	40
8419	43
8420	3
8421	21
8422	40
8423	20
8424	19
8425	48
8426	7
8427	12
8428	31
8429	26
8430	17
8431	9
8432	29
8433	39
8434	2
8435	9
8436	24
8437	32
8438	15
8439	39
8440	7
8441	8
8442	17
8443	24
8444	47
8445	31
8446	39
8447	37
8448	30
8449	25
8450	23
8451	6
8452	34
8453	33
8454	43
8455	33
8456	2
8457	8
8458	19
8459	17
8460	7
8461	44
8462	38
8463	47
8464	45
8465	47
8466	17
8467	42
8468	24
8469	45
8470	41
8471	6
8472	22
8473	28
8474	26
8475	37
8476	27
8477	31
8478	38
8479	19
8480	15
8481	0
8482	38
8483	27
8484	39
8485	21
8486	24
8487	35
8488	45
8489	18
8490	40
8491	33
8492	6
8493	36
8494	41
8495	33
8496	8
8497	43
8498	27
8499	39
8500	29
8501	49
8502	9
8503	48
8504	40
8505	29
8506	49
8507	1
8508	1
8509	3
8510	2
8511	17
8512	17
8513	2
8514	33
8515	14
8516	46
8517	12
8518	30
8519	26
8520	47
8521	24
8522	47
8523	44
8524	12
8525	4
8526	33
8527	11
8528	6
8529	36
8530	4
8531	3
8532	18
8533	44
8534	25
8535	9
8536	20
8537	23
8538	20
8539	11
8540	49
8541	15
8542	48
8543	49
8544	36
8545	41
8546	50
8547	28
8548	50
8549	20
8550	17
8551	15
8552	26
8553	1
8554	39
8555	26
8556	8
8557	6
8558	38
8559	17
8560	32
8561	40
8562	21
8563	45
8564	17
8565	28
8566	37
8567	2
8568	33
8569	47
8570	2
8571	0
8572	2
8573	5
8574	6
8575	43
8576	41
8577	10
8578	21
8579	35
8580	1
8581	23
8582	31
8583	12
8584	35
8585	43
8586	13
8587	17
8588	25
8589	41
8590	14
8591	47
8592	29
8593	50
8594	23
8595	26
8596	35
8597	37
8598	27
8599	28
8600	50
8601	28
8602	46
8603	16
8604	38
8605	30
8606	20
8607	1
8608	45
8609	25
8610	44
8611	41
8612	14
8613	30
8614	42
8615	34
8616	42
8617	23
8618	8
8619	4
8620	44
8621	7
8622	32
8623	16
8624	30
8625	23
8626	13
8627	10
8628	5
8629	27
8630	15
8631	39
8632	41
8633	19
8634	38
8635	38
8636	45
8637	36
8638	45
8639	9
8640	50
8641	14
8642	39
8643	40
8644	24
8645	46
8646	2
8647	15
8648	11
8649	1
8650	27
8651	10
8652	14
8653	29
8654	40
8655	5
8656	6
8657	44
8658	1
8659	26
8660	31
8661	3
8662	20
8663	45
8664	37
8665	37
8666	31
8667	35
8668	26
8669	10
8670	48
8671	38
8672	37
8673	3
8674	11
8675	31
8676	35
8677	22
8678	29
8679	5
8680	45
8681	18
8682	26
8683	3
8684	19
8685	29
8686	8
8687	40
8688	39
8689	49
8690	29
8691	9
8692	19
8693	39
8694	20
8695	22
8696	32
8697	22
8698	20
8699	30
8700	27
8701	11
8702	49
8703	5
8704	47
8705	44
8706	20
8707	32
8708	1
8709	29
8710	10
8711	37
8712	26
8713	23
8714	19
8715	44
8716	40
8717	38
8718	34
8719	26
8720	28
8721	14
8722	9
8723	25
8724	40
8725	33
8726	10
8727	29
8728	0
8729	40
8730	10
8731	24
8732	27
8733	40
8734	2
8735	7
8736	33
8737	10
8738	44
8739	40
8740	47
8741	45
8742	25
8743	48
8744	16
8745	40
8746	36
8747	14
8748	49
8749	7
8750	35
8751	12
8752	8
8753	34
8754	42
8755	29
8756	22
8757	40
8758	50
8759	40
8760	29
8761	29
8762	7
8763	19
8764	15
8765	46
8766	28
8767	13
8768	40
8769	33
8770	14
8771	7
8772	30
8773	4
8774	18
8775	16
8776	14
8777	36
8778	10
8779	23
8780	1
8781	1
8782	40
8783	3
8784	23
8785	49
8786	49
8787	50
8788	8
8789	30
8790	34
8791	28
8792	3
8793	30
8794	24
8795	50
8796	34
8797	49
8798	35
8799	26
8800	44
8801	38
8802	49
8803	25
8804	35
8805	45
8806	42
8807	17
8808	44
8809	5
8810	0
8811	0
8812	46
8813	47
8814	32
8815	38
8816	26
8817	25
8818	36
8819	18
8820	1
8821	40
8822	36
8823	35
8824	14
8825	49
8826	45
8827	37
8828	0
8829	46
8830	25
8831	34
8832	45
8833	27
8834	3
8835	12
8836	19
8837	36
8838	7
8839	9
8840	29
8841	41
8842	26
8843	8
8844	40
8845	18
8846	32
8847	26
8848	16
8849	14
8850	35
8851	20
8852	31
8853	12
8854	46
8855	49
8856	38
8857	26
8858	15
8859	13
8860	49
8861	47
8862	35
8863	43
8864	18
8865	29
8866	24
8867	37
8868	49
8869	26
8870	30
8871	40
8872	27
8873	19
8874	39
8875	37
8876	7
8877	21
8878	37
8879	37
8880	50
8881	2
8882	37
8883	9
8884	2
8885	14
8886	37
8887	46
8888	23
8889	0
8890	3
8891	47
8892	43
8893	26
8894	10
8895	46
8896	13
8897	29
8898	37
8899	40
8900	0
8901	28
8902	14
8903	29
8904	24
8905	2
8906	50
8907	39
8908	34
8909	47
8910	30
8911	8
8912	49
8913	2
8914	2
8915	32
8916	16
8917	28
8918	16
8919	19
8920	36
8921	31
8922	47
8923	17
8924	21
8925	48
8926	46
8927	5
8928	40
8929	40
8930	13
8931	36
8932	50
8933	10
8934	39
8935	49
8936	10
8937	26
8938	50
8939	25
8940	31
8941	34
8942	21
8943	40
8944	10
8945	5
8946	37
8947	27
8948	19
8949	20
8950	21
8951	18
8952	48
8953	26
8954	36
8955	14
8956	7
8957	20
8958	37
8959	36
8960	31
8961	11
8962	37
8963	2
8964	13
8965	14
8966	4
8967	32
8968	30
8969	16
8970	43
8971	47
8972	12
8973	27
8974	46
8975	11
8976	5
8977	33
8978	41
8979	5
8980	34
8981	36
8982	11
8983	15
8984	34
8985	16
8986	1
8987	6
8988	5
8989	39
8990	27
8991	9
8992	14
8993	29
8994	8
8995	25
8996	34
8997	31
8998	29
8999	11
9000	41
9001	13
9002	43
9003	10
9004	37
9005	11
9006	45
9007	45
9008	39
9009	33
9010	36
9011	4
9012	15
9013	37
9014	25
9015	30
9016	9
9017	2
9018	37
9019	30
9020	0
9021	5
9022	25
9023	34
9024	41
9025	9
9026	49
9027	46
9028	0
9029	20
9030	43
9031	1
9032	39
9033	30
9034	42
9035	44
9036	32
9037	42
9038	30
9039	2
9040	26
9041	35
9042	43
9043	9
9044	33
9045	1
9046	43
9047	14
9048	28
9049	40
9050	39
9051	6
9052	38
9053	8
9054	46
9055	27
9056	20
9057	19
9058	14
9059	5
9060	7
9061	42
9062	27
9063	26
9064	8
9065	43
9066	47
9067	33
9068	10
9069	33
9070	50
9071	31
9072	30
9073	26
9074	17
9075	49
9076	48
9077	1
9078	23
9079	10
9080	36
9081	7
9082	28
9083	35
9084	29
9085	15
9086	26
9087	34
9088	41
9089	17
9090	28
9091	18
9092	5
9093	28
9094	10
9095	16
9096	25
9097	46
9098	48
9099	48
9100	14
9101	23
9102	4
9103	8
9104	50
9105	25
9106	19
9107	30
9108	38
9109	47
9110	37
9111	8
9112	22
9113	38
9114	4
9115	2
9116	41
9117	18
9118	44
9119	2
9120	47
9121	31
9122	12
9123	49
9124	16
9125	22
9126	19
9127	34
9128	37
9129	35
9130	16
9131	3
9132	2
9133	45
9134	0
9135	19
9136	40
9137	12
9138	2
9139	11
9140	1
9141	14
9142	14
9143	25
9144	13
9145	11
9146	49
9147	33
9148	11
9149	25
9150	33
9151	43
9152	0
9153	31
9154	10
9155	12
9156	35
9157	6
9158	47
9159	36
9160	14
9161	10
9162	35
9163	28
9164	10
9165	5
9166	41
9167	18
9168	39
9169	25
9170	47
9171	11
9172	34
9173	26
9174	10
9175	47
9176	8
9177	48
9178	49
9179	2
9180	39
9181	27
9182	11
9183	37
9184	29
9185	18
9186	30
9187	48
9188	38
9189	21
9190	29
9191	30
9192	39
9193	42
9194	13
9195	36
9196	23
9197	36
9198	45
9199	2
9200	0
9201	23
9202	4
9203	19
9204	19
9205	11
9206	1
9207	5
9208	22
9209	17
9210	0
9211	30
9212	41
9213	23
9214	50
9215	36
9216	26
9217	42
9218	29
9219	16
9220	32
9221	27
9222	27
9223	12
9224	38
9225	37
9226	18
9227	17
9228	43
9229	10
9230	20
9231	19
9232	29
9233	5
9234	46
9235	20
9236	33
9237	44
9238	43
9239	3
9240	35
9241	43
9242	17
9243	10
9244	49
9245	15
9246	49
9247	25
9248	16
9249	23
9250	33
9251	17
9252	0
9253	49
9254	20
9255	20
9256	25
9257	19
9258	39
9259	23
9260	30
9261	32
9262	7
9263	39
9264	42
9265	8
9266	22
9267	36
9268	50
9269	32
9270	45
9271	38
9272	17
9273	14
9274	13
9275	40
9276	23
9277	0
9278	39
9279	0
9280	27
9281	30
9282	33
9283	6
9284	8
9285	10
9286	4
9287	36
9288	38
9289	23
9290	5
9291	11
9292	18
9293	41
9294	19
9295	1
9296	34
9297	7
9298	2
9299	39
9300	0
9301	40
9302	43
9303	18
9304	1
9305	10
9306	42
9307	20
9308	17
9309	5
9310	30
9311	12
9312	29
9313	13
9314	0
9315	34
9316	18
9317	45
9318	47
9319	35
9320	13
9321	43
9322	20
9323	22
9324	23
9325	46
9326	21
9327	2
9328	45
9329	17
9330	14
9331	21
9332	27
9333	2
9334	5
9335	17
9336	42
9337	18
9338	37
9339	19
9340	19
9341	19
9342	32
9343	45
9344	49
9345	23
9346	36
9347	47
9348	50
9349	11
9350	23
9351	39
9352	21
9353	35
9354	16
9355	43
9356	35
9357	6
9358	32
9359	14
9360	16
9361	38
9362	1
9363	30
9364	19
9365	48
9366	22
9367	44
9368	14
9369	25
9370	26
9371	7
9372	46
9373	39
9374	4
9375	28
9376	33
9377	38
9378	11
9379	48
9380	31
9381	16
9382	25
9383	39
9384	39
9385	19
9386	8
9387	2
9388	38
9389	38
9390	32
9391	46
9392	18
9393	25
9394	35
9395	11
9396	49
9397	7
9398	30
9399	47
9400	12
9401	25
9402	38
9403	36
9404	3
9405	18
9406	27
9407	29
9408	40
9409	31
9410	37
9411	33
9412	13
9413	2
9414	27
9415	30
9416	36
9417	21
9418	9
9419	27
9420	37
9421	25
9422	45
9423	5
9424	13
9425	0
9426	40
9427	24
9428	15
9429	44
9430	43
9431	32
9432	47
9433	21
9434	29
9435	21
9436	46
9437	37
9438	27
9439	4
9440	45
9441	26
9442	17
9443	35
9444	25
9445	23
9446	36
9447	1
9448	34
9449	26
9450	38
9451	47
9452	42
9453	0
9454	23
9455	17
9456	16
9457	47
9458	38
9459	29
9460	1
9461	5
9462	21
9463	45
9464	45
9465	23
9466	8
9467	25
9468	37
9469	2
9470	22
9471	39
9472	33
9473	48
9474	21
9475	36
9476	37
9477	7
9478	19
9479	28
9480	29
9481	0
9482	33
9483	27
9484	49
9485	16
9486	15
9487	26
9488	24
9489	8
9490	24
9491	5
9492	26
9493	29
9494	39
9495	21
9496	46
9497	9
9498	37
9499	28
9500	12
9501	0
9502	8
9503	3
9504	24
9505	34
9506	25
9507	33
9508	36
9509	35
9510	1
9511	39
9512	43
9513	6
9514	8
9515	33
9516	7
9517	2
9518	47
9519	32
9520	13
9521	33
9522	20
9523	19
9524	5
9525	47
9526	22
9527	35
9528	46
9529	33
9530	36
9531	33
9532	4
9533	16
9534	45
9535	16
9536	12
9537	19
9538	4
9539	21
9540	43
9541	30
9542	26
9543	25
9544	30
9545	15
9546	41
9547	30
9548	27
9549	10
9550	38
9551	46
9552	19
9553	14
9554	38
9555	7
9556	6
9557	46
9558	5
9559	3
9560	47
9561	50
9562	17
9563	35
9564	28
9565	10
9566	27
9567	20
9568	1
9569	17
9570	50
9571	13
9572	11
9573	3
9574	41
9575	25
9576	40
9577	33
9578	5
9579	26
9580	4
9581	9
9582	45
9583	46
9584	30
9585	20
9586	23
9587	45
9588	8
9589	50
9590	21
9591	24
9592	13
9593	2
9594	31
9595	38
9596	5
9597	15
9598	13
9599	7
9600	37
9601	31
9602	3
9603	6
9604	20
9605	30
9606	32
9607	34
9608	44
9609	43
9610	47
9611	33
9612	42
9613	23
9614	15
9615	22
9616	3
9617	8
9618	21
9619	2
9620	14
9621	33
9622	45
9623	34
9624	13
9625	20
9626	37
9627	8
9628	50
9629	13
9630	45
9631	49
9632	27
9633	38
9634	9
9635	28
9636	23
9637	39
9638	32
9639	38
9640	16
9641	20
9642	16
9643	35
9644	11
9645	50
9646	39
9647	38
9648	6
9649	29
9650	26
9651	16
9652	32
9653	43
9654	34
9655	5
9656	42
9657	48
9658	41
9659	42
9660	39
9661	39
9662	49
9663	17
9664	27
9665	30
9666	17
9667	12
9668	16
9669	17
9670	2
9671	47
9672	23
9673	1
9674	29
9675	42
9676	50
9677	2
9678	29
9679	42
9680	8
9681	47
9682	39
9683	24
9684	19
9685	11
9686	35
9687	13
9688	39
9689	7
9690	25
9691	40
9692	0
9693	15
9694	29
9695	12
9696	13
9697	16
9698	32
9699	46
9700	19
9701	31
9702	13
9703	46
9704	21
9705	19
9706	2
9707	3
9708	4
9709	15
9710	12
9711	13
9712	3
9713	20
9714	50
9715	3
9716	9
9717	7
9718	29
9719	34
9720	47
9721	14
9722	38
9723	12
9724	13
9725	2
9726	42
9727	13
9728	29
9729	4
9730	26
9731	46
9732	13
9733	30
9734	9
9735	16
9736	17
9737	13
9738	20
9739	22
9740	4
9741	25
9742	9
9743	29
9744	36
9745	18
9746	41
9747	46
9748	3
9749	22
9750	42
9751	14
9752	1
9753	23
9754	47
9755	5
9756	43
9757	25
9758	26
9759	9
9760	43
9761	39
9762	42
9763	29
9764	48
9765	34
9766	9
9767	20
9768	43
9769	36
9770	30
9771	15
9772	6
9773	47
9774	13
9775	46
9776	22
9777	35
9778	5
9779	6
9780	31
9781	25
9782	31
9783	33
9784	15
9785	26
9786	1
9787	44
9788	7
9789	9
9790	6
9791	0
9792	43
9793	39
9794	13
9795	15
9796	33
9797	35
9798	8
9799	42
9800	41
9801	34
9802	1
9803	2
9804	5
9805	35
9806	31
9807	13
9808	20
9809	10
9810	13
9811	35
9812	33
9813	8
9814	8
9815	45
9816	48
9817	16
9818	3
9819	17
9820	8
9821	16
9822	23
9823	49
9824	4
9825	2
9826	11
9827	25
9828	49
9829	11
9830	40
9831	15
9832	47
9833	25
9834	28
9835	31
9836	9
9837	31
9838	12
9839	15
9840	15
9841	17
9842	27
9843	11
9844	0
9845	6
9846	3
9847	34
9848	18
9849	26
9850	18
9851	33
9852	46
9853	38
9854	11
9855	18
9856	7
9857	47
9858	18
9859	28
9860	0
9861	34
9862	40
9863	25
9864	27
9865	8
9866	44
9867	16
9868	36
9869	3
9870	4
9871	3
9872	29
9873	49
9874	35
9875	14
9876	8
9877	14
9878	2
9879	33
9880	6
9881	31
9882	6
9883	49
9884	5
9885	34
9886	34
9887	34
9888	18
9889	32
9890	9
9891	21
9892	31
9893	42
9894	39
9895	36
9896	40
9897	2
9898	36
9899	21
9900	42
9901	14
9902	24
9903	8
9904	21
9905	47
9906	10
9907	9
9908	21
9909	37
9910	8
9911	45
9912	2
9913	24
9914	4
9915	9
9916	30
9917	47
9918	1
9919	30
9920	8
9921	23
9922	43
9923	5
9924	29
9925	43
9926	30
9927	17
9928	21
9929	30
9930	14
9931	45
9932	33
9933	11
9934	39
9935	47
9936	18
9937	22
9938	26
9939	34
9940	32
9941	9
9942	4
9943	10
9944	6
9945	24
9946	7
9947	47
9948	16
9949	33
9950	29
9951	26
9952	33
9953	2
9954	25
9955	48
9956	48
9957	14
9958	9
9959	25
9960	23
9961	33
9962	6
9963	40
9964	33
9965	29
9966	30
9967	34
9968	45
9969	33
9970	37
9971	46
9972	2
9973	6
9974	18
9975	12
9976	42
9977	18
9978	32
9979	32
9980	4
9981	40
9982	33
9983	30
9984	40
9985	2
9986	35
9987	27
9988	49
9989	44
9990	19
9991	3
9992	44
9993	41
9994	21
9995	5
9996	3
9997	20
9998	15
9999	38
